#   index    LocalEnergy         LocalEnergy_sq      LocalPotential      Kinetic             ElecElec            IonIon              LocalECP            NonLocalECP         BlockWeight         BlockCPU            AcceptRatio         
         0   -2.2076850593e+00    4.9261839174e+00   -4.5302840941e+00    2.3225990348e+00    2.0180358470e+00    1.7953086932e+00   -8.5419733276e+00    1.9834469338e-01    1.6000000000e+02    5.7209598308e-03    5.7500000000e-01
         1   -2.2201760568e+00    4.9566404732e+00   -3.9462760628e+00    1.7261000061e+00    1.9869706844e+00    1.7953086932e+00   -7.9445810044e+00    2.1602556389e-01    1.6000000000e+02    6.8024325301e-03    6.0937500000e-01
         2   -2.2452802525e+00    5.0655389891e+00   -4.1846888252e+00    1.9394085728e+00    1.9498764446e+00    1.7953086932e+00   -8.1545268338e+00    2.2465287074e-01    1.6000000000e+02    1.6785830376e-03    5.8828125000e-01
         3   -2.2229231205e+00    4.9711865227e+00   -4.6126071150e+00    2.3896839945e+00    1.9951428419e+00    1.7953086932e+00   -8.6119306725e+00    2.0887202233e-01    1.6000000000e+02    6.1036343686e-03    5.8203125000e-01
         4   -2.2186591214e+00    4.9503625104e+00   -4.1741680646e+00    1.9555089431e+00    2.0292858123e+00    1.7953086932e+00   -8.2153568812e+00    2.1659431114e-01    1.6000000000e+02    2.9940884851e-03    5.7734375000e-01
         5   -2.2211261039e+00    4.9567181135e+00   -3.9407208702e+00    1.7195947663e+00    2.0518562063e+00    1.7953086932e+00   -7.9937788459e+00    2.0589307615e-01    1.6000000000e+02    5.1903534331e-03    5.7109375000e-01
         6   -2.2068858443e+00    4.9565985631e+00   -3.9878813180e+00    1.7809954736e+00    2.0130945257e+00    1.7953086932e+00   -8.0029518702e+00    2.0666733332e-01    1.6000000000e+02    3.9046804013e-03    5.9218750000e-01
         7   -2.2456728825e+00    5.0718624030e+00   -3.9267669642e+00    1.6810940817e+00    1.9403894012e+00    1.7953086932e+00   -7.8142464053e+00    1.5178134666e-01    1.6000000000e+02    5.2397789841e-03    5.9531250000e-01
         8   -2.2536753277e+00    5.0970525375e+00   -4.3040348295e+00    2.0503595019e+00    1.9041570217e+00    1.7953086932e+00   -8.1290876927e+00    1.2558714821e-01    1.6000000000e+02    4.6755930525e-03    5.8828125000e-01
         9   -2.2206543454e+00    4.9514509397e+00   -4.1733633994e+00    1.9527090540e+00    2.0089241325e+00    1.7953086932e+00   -8.1998940435e+00    2.2229781834e-01    1.6000000000e+02    6.8108239211e-03    5.8125000000e-01
        10   -2.2317476379e+00    5.0011668437e+00   -4.3086820393e+00    2.0769344014e+00    1.9580309762e+00    1.7953086932e+00   -8.2170278579e+00    1.5500614917e-01    1.6000000000e+02    7.7562508814e-03    5.9140625000e-01
        11   -2.2512667189e+00    5.1039490687e+00   -3.8641092154e+00    1.6128424965e+00    1.8748873957e+00    1.7953086932e+00   -7.7988807778e+00    2.6457547345e-01    1.6000000000e+02    6.6679719021e-03    6.2031250000e-01
        12   -2.2490220958e+00    5.0822544361e+00   -4.3152945223e+00    2.0662724265e+00    2.0357999499e+00    1.7953086932e+00   -8.3747477195e+00    2.2834455408e-01    1.6000000000e+02    8.6171510338e-03    5.5546875000e-01
        13   -2.2170211072e+00    4.9474707110e+00   -4.1580189716e+00    1.9409978644e+00    1.9699125025e+00    1.7953086932e+00   -8.1391769528e+00    2.1593678550e-01    1.6000000000e+02    6.4679381030e-03    5.9140625000e-01
        14   -2.2138101903e+00    4.9231581941e+00   -3.9744843943e+00    1.7606742040e+00    1.9208186410e+00    1.7953086932e+00   -7.9103179389e+00    2.1970621037e-01    1.6000000000e+02    6.2398316513e-03    5.7890625000e-01
        15   -2.2319215143e+00    5.0399878938e+00   -4.4997718368e+00    2.2678503225e+00    1.9794847794e+00    1.7953086932e+00   -8.5007556725e+00    2.2619036313e-01    1.6000000000e+02    4.2264184740e-03    5.7656250000e-01
        16   -2.2349983466e+00    5.0213939316e+00   -4.5958531531e+00    2.3608548064e+00    1.9961994460e+00    1.7953086932e+00   -8.5212598626e+00    1.3389857029e-01    1.6000000000e+02    1.0176093463e-02    5.8437500000e-01
        17   -2.2158018055e+00    4.9475611765e+00   -3.8806823019e+00    1.6648804964e+00    1.9759059772e+00    1.7953086932e+00   -7.8806248311e+00    2.2872785874e-01    1.6000000000e+02    8.5243302456e-03    5.9140625000e-01
        18   -2.2170671389e+00    4.9678789799e+00   -3.8147198405e+00    1.5976527016e+00    1.9362722401e+00    1.7953086932e+00   -7.7037176053e+00    1.5741683150e-01    1.6000000000e+02    6.0239247105e-03    6.1015625000e-01
        19   -2.2528901600e+00    5.0969357973e+00   -4.1111298876e+00    1.8582397276e+00    2.0004450986e+00    1.7953086932e+00   -8.0313677691e+00    1.2448408972e-01    1.6000000000e+02    3.8201283896e-03    5.7812500000e-01
        20   -2.2564564979e+00    5.1293224825e+00   -4.1131258499e+00    1.8566693519e+00    1.9977805244e+00    1.7953086932e+00   -8.1659974297e+00    2.5978236222e-01    1.6000000000e+02    6.7342031107e-03    5.4843750000e-01
        21   -2.2479242882e+00    5.0764042912e+00   -3.9419634519e+00    1.6940391637e+00    1.9321119302e+00    1.7953086932e+00   -7.7812552973e+00    1.1187122196e-01    1.6000000000e+02    1.6956631443e-03    5.8828125000e-01
        22   -2.2611995754e+00    5.1452736443e+00   -3.9857183237e+00    1.7245187482e+00    1.9184785364e+00    1.7953086932e+00   -7.9365990567e+00    2.3709350343e-01    1.6000000000e+02    7.2295531281e-03    6.0078125000e-01
        23   -2.2255556686e+00    4.9891156724e+00   -4.4405907972e+00    2.2150351286e+00    1.8931304978e+00    1.7953086932e+00   -8.4022583800e+00    2.7322839182e-01    1.6000000000e+02    3.1433975382e-03    5.7265625000e-01
        24   -2.2016191632e+00    4.8978716610e+00   -3.9600897620e+00    1.7584705988e+00    1.9545297340e+00    1.7953086932e+00   -7.9276613599e+00    2.1773317065e-01    1.6000000000e+02    6.2588669534e-03    5.7265625000e-01
        25   -2.2453939114e+00    5.0962523679e+00   -3.9370882185e+00    1.6916943071e+00    1.9368111211e+00    1.7953086932e+00   -7.9641625245e+00    2.9495449170e-01    1.6000000000e+02    4.2330388678e-03    5.9453125000e-01
        26   -2.2466146234e+00    5.0793996058e+00   -4.1798596935e+00    1.9332450701e+00    1.9322769537e+00    1.7953086932e+00   -8.1054833816e+00    1.9803804120e-01    1.6000000000e+02    3.6416995281e-03    5.7968750000e-01
        27   -2.2093362232e+00    4.9048653084e+00   -4.0834292980e+00    1.8740930747e+00    1.9554378830e+00    1.7953086932e+00   -8.0146282197e+00    1.8045234551e-01    1.6000000000e+02    6.6344895749e-03    5.6875000000e-01
        28   -2.2303525392e+00    5.0096813642e+00   -3.8844989384e+00    1.6541463992e+00    1.9788228870e+00    1.7953086932e+00   -7.9041619199e+00    2.4553140122e-01    1.6000000000e+02    5.6323066237e-03    5.6171875000e-01
        29   -2.2290871224e+00    5.0093952894e+00   -4.0648100877e+00    1.8357229654e+00    1.9428104272e+00    1.7953086932e+00   -8.0249552462e+00    2.2202603801e-01    1.6000000000e+02    6.0357245966e-03    5.8359375000e-01
        30   -2.2263751974e+00    4.9765648216e+00   -3.8798786890e+00    1.6535034916e+00    1.9145725627e+00    1.7953086932e+00   -7.7455320339e+00    1.5577208901e-01    1.6000000000e+02    5.0549457374e-03    5.9296875000e-01
        31   -2.2512748816e+00    5.0938795214e+00   -3.7560999654e+00    1.5048250837e+00    1.9072239702e+00    1.7953086932e+00   -7.6240808684e+00    1.6544823959e-01    1.6000000000e+02    5.2402045985e-03    5.8828125000e-01
        32   -2.2720232413e+00    5.1837371150e+00   -4.8423831506e+00    2.5703599093e+00    1.9195848628e+00    1.7953086932e+00   -8.6524287605e+00    9.5152053908e-02    1.6000000000e+02    9.4616051647e-03    5.5000000000e-01
        33   -2.2497272550e+00    5.0929539667e+00   -4.2742213453e+00    2.0244940903e+00    2.0394357389e+00    1.7953086932e+00   -8.2923837086e+00    1.8341793122e-01    1.6000000000e+02    1.8087651115e-03    5.6640625000e-01
        34   -2.2535168308e+00    5.1027652480e+00   -4.3047586442e+00    2.0512418134e+00    1.9689267032e+00    1.7953086932e+00   -8.2088193377e+00    1.3982529711e-01    1.6000000000e+02    7.9823892156e-03    5.5468750000e-01
        35   -2.2359916068e+00    5.0295553505e+00   -4.0766190462e+00    1.8406274395e+00    1.9684984474e+00    1.7953086932e+00   -8.0086183790e+00    1.6819219213e-01    1.6000000000e+02    3.2365518855e-03    5.7109375000e-01
        36   -2.2294279377e+00    4.9883189620e+00   -3.9984754117e+00    1.7690474740e+00    1.9054097923e+00    1.7953086932e+00   -7.9054766150e+00    2.0628271780e-01    1.6000000000e+02    6.2176381180e-03    5.9218750000e-01
        37   -2.2098876501e+00    4.9316206083e+00   -4.3055532581e+00    2.0956656079e+00    1.9612217569e+00    1.7953086932e+00   -8.0076803499e+00   -5.4403358358e-02    1.6000000000e+02    7.2107692249e-03    6.0859375000e-01
        38   -2.2136545584e+00    4.9538625840e+00   -4.0859125473e+00    1.8722579889e+00    1.9514204531e+00    1.7953086932e+00   -8.1522479099e+00    3.1960621631e-01    1.6000000000e+02    9.2421387380e-03    5.9531250000e-01
        39   -2.2372978667e+00    5.0259454748e+00   -4.5559410141e+00    2.3186431474e+00    1.9180581209e+00    1.7953086932e+00   -8.4130136347e+00    1.4370580642e-01    1.6000000000e+02    1.2545815523e-02    5.6562500000e-01
        40   -2.2371879535e+00    5.0237512901e+00   -4.0553721191e+00    1.8181841656e+00    1.9287155278e+00    1.7953086932e+00   -7.9453954309e+00    1.6599909083e-01    1.6000000000e+02    5.2465510089e-03    5.7187500000e-01
        41   -2.2345116668e+00    5.0401232636e+00   -4.2384848689e+00    2.0039732021e+00    1.9441354026e+00    1.7953086932e+00   -8.1726533338e+00    1.9472436914e-01    1.6000000000e+02    3.7451290700e-03    5.9140625000e-01
        42   -2.2337130569e+00    5.0307235897e+00   -3.6765970028e+00    1.4428839459e+00    1.8981893580e+00    1.7953086932e+00   -7.6112431988e+00    2.4114814489e-01    1.6000000000e+02    1.7214226245e-03    6.0859375000e-01
        43   -2.2571912989e+00    5.1195907824e+00   -3.9750204736e+00    1.7178291748e+00    1.9224271412e+00    1.7953086932e+00   -7.8941932350e+00    2.0143692692e-01    1.6000000000e+02    4.6068773372e-03    6.0234375000e-01
        44   -2.2634267725e+00    5.1505912031e+00   -4.0483366139e+00    1.7849098414e+00    1.9293388769e+00    1.7953086932e+00   -7.9583390306e+00    1.8535484667e-01    1.6000000000e+02    1.7557751853e-03    6.1093750000e-01
        45   -2.2280149174e+00    4.9885389392e+00   -4.0992411449e+00    1.8712262274e+00    1.9781152459e+00    1.7953086932e+00   -8.0985692170e+00    2.2590413303e-01    1.6000000000e+02    4.0197751659e-03    5.8671875000e-01
        46   -2.2388869877e+00    5.0399352840e+00   -4.4674340133e+00    2.2285470256e+00    1.9719546576e+00    1.7953086932e+00   -8.4573497067e+00    2.2265234258e-01    1.6000000000e+02    5.0466764078e-03    5.6484375000e-01
        47   -2.2420962766e+00    5.0649527011e+00   -4.1955084798e+00    1.9534122032e+00    1.9310857736e+00    1.7953086932e+00   -8.1354454060e+00    2.1354245931e-01    1.6000000000e+02    1.7042583786e-03    5.6875000000e-01
        48   -2.2345618460e+00    5.0142660813e+00   -3.9957311394e+00    1.7611692934e+00    1.9662989231e+00    1.7953086932e+00   -7.9863468090e+00    2.2900805321e-01    1.6000000000e+02    4.2239494796e-03    5.8046875000e-01
        49   -2.2568434402e+00    5.1136251879e+00   -4.2032283702e+00    1.9463849300e+00    1.8765857762e+00    1.7953086932e+00   -8.0658745251e+00    1.9075168556e-01    1.6000000000e+02    4.3838281126e-03    5.8515625000e-01
        50   -2.2266843568e+00    4.9943317305e+00   -3.8533975168e+00    1.6267131600e+00    1.9798536674e+00    1.7953086932e+00   -7.8581526895e+00    2.2959281204e-01    1.6000000000e+02    1.0028540739e-02    5.9609375000e-01
        51   -2.2339548990e+00    5.0102862709e+00   -4.2022520580e+00    1.9682971590e+00    2.0114290646e+00    1.7953086932e+00   -8.1491137142e+00    1.4012389838e-01    1.6000000000e+02    3.4813891398e-03    5.7265625000e-01
        52   -2.2267575063e+00    4.9803899576e+00   -4.2690199593e+00    2.0422624530e+00    1.9814353918e+00    1.7953086932e+00   -8.1601912594e+00    1.1442721504e-01    1.6000000000e+02    6.7031602375e-03    5.7265625000e-01
        53   -2.2286316273e+00    4.9973257061e+00   -3.4685606374e+00    1.2399290101e+00    1.9508938233e+00    1.7953086932e+00   -7.4668849061e+00    2.5212175217e-01    1.6000000000e+02    4.8722932406e-03    6.1406250000e-01
        54   -2.2055502920e+00    4.9329665711e+00   -4.1168046394e+00    1.9112543474e+00    1.9489615139e+00    1.7953086932e+00   -8.0223341903e+00    1.6125934372e-01    1.6000000000e+02    9.3432519352e-03    5.9375000000e-01
        55   -2.2541126013e+00    5.1043914923e+00   -4.3788629649e+00    2.1247503636e+00    1.9910639070e+00    1.7953086932e+00   -8.2415355415e+00    7.6299976376e-02    1.6000000000e+02    8.8095709507e-03    5.9765625000e-01
        56   -2.2375836305e+00    5.0257683005e+00   -3.8596335989e+00    1.6220499684e+00    2.0034933374e+00    1.7953086932e+00   -7.8658187819e+00    2.0738315242e-01    1.6000000000e+02    5.6928091508e-03    5.8359375000e-01
        57   -2.2380467962e+00    5.0262671633e+00   -3.8322083904e+00    1.5941615942e+00    1.8415815400e+00    1.7953086932e+00   -7.6751542377e+00    2.0605561398e-01    1.6000000000e+02    6.1835960660e-03    5.9687500000e-01
        58   -2.2404403384e+00    5.0446959748e+00   -4.0282402510e+00    1.7877999126e+00    1.9712259363e+00    1.7953086932e+00   -7.9909055179e+00    1.9613063736e-01    1.6000000000e+02    8.8169293595e-03    6.1015625000e-01
        59   -2.2593657861e+00    5.1334696105e+00   -4.4708541316e+00    2.2114883454e+00    1.8915933983e+00    1.7953086932e+00   -8.2560086475e+00    9.8252424504e-02    1.6000000000e+02    6.8141254014e-03    5.9453125000e-01
        60   -2.2391634907e+00    5.0418139905e+00   -3.8671255188e+00    1.6279620281e+00    1.8663506364e+00    1.7953086932e+00   -7.7289521554e+00    2.0016730704e-01    1.6000000000e+02    8.0589216959e-03    5.9140625000e-01
        61   -2.2250923260e+00    4.9734658091e+00   -3.9391507409e+00    1.7140584149e+00    1.9462554166e+00    1.7953086932e+00   -7.8747169348e+00    1.9400208414e-01    1.6000000000e+02    1.7705745995e-03    5.7968750000e-01
        62   -2.2388858956e+00    5.0550850791e+00   -3.9935578679e+00    1.7546719723e+00    2.0474630711e+00    1.7953086932e+00   -8.0316027622e+00    1.9527313000e-01    1.6000000000e+02    5.7594570098e-03    5.7500000000e-01
        63   -2.2527738759e+00    5.1062163381e+00   -3.8276354209e+00    1.5748615450e+00    1.8585153943e+00    1.7953086932e+00   -7.6661743177e+00    1.8471480924e-01    1.6000000000e+02    3.7733229110e-03    5.9921875000e-01
        64   -2.2327234484e+00    5.0369870807e+00   -3.6097979587e+00    1.3770745102e+00    1.9662810029e+00    1.7953086932e+00   -7.6883904122e+00    3.1700275741e-01    1.6000000000e+02    6.7688830604e-03    6.1875000000e-01
        65   -2.2429529845e+00    5.0830752923e+00   -4.5603962450e+00    2.3174432605e+00    1.9748050052e+00    1.7953086932e+00   -8.5451057037e+00    2.1459576036e-01    1.6000000000e+02    1.8538555014e-03    5.7265625000e-01
        66   -2.2539518509e+00    5.1054010684e+00   -4.1067651549e+00    1.8528133040e+00    2.1459180992e+00    1.7953086932e+00   -8.3256395196e+00    2.7764757232e-01    1.6000000000e+02    1.8254409661e-03    5.7109375000e-01
        67   -2.2145387321e+00    4.9523498324e+00   -3.5822245778e+00    1.3676858457e+00    2.0462891090e+00    1.7953086932e+00   -7.7362311396e+00    3.1240875956e-01    1.6000000000e+02    3.9512291260e-03    6.1250000000e-01
        68   -2.2168610426e+00    4.9437169498e+00   -4.0121202378e+00    1.7952591952e+00    1.9542418832e+00    1.7953086932e+00   -7.9945505819e+00    2.3287976765e-01    1.6000000000e+02    4.0000604931e-03    5.9687500000e-01
        69   -2.2428408581e+00    5.0704863443e+00   -3.8543242414e+00    1.6114833833e+00    2.0275529148e+00    1.7953086932e+00   -7.9297356171e+00    2.5254976774e-01    1.6000000000e+02    8.1392141292e-03    6.1093750000e-01
        70   -2.2254676257e+00    4.9944577878e+00   -3.8074975962e+00    1.5820299705e+00    1.9423984735e+00    1.7953086932e+00   -7.8519068219e+00    3.0670205893e-01    1.6000000000e+02    7.0772123290e-03    5.6796875000e-01
        71   -2.2233913256e+00    4.9825087155e+00   -3.8022102888e+00    1.5788189632e+00    1.8958664526e+00    1.7953086932e+00   -7.8617805792e+00    3.6839514448e-01    1.6000000000e+02    7.4854760023e-03    6.1250000000e-01
        72   -2.2390733295e+00    5.0355081704e+00   -3.8320204118e+00    1.5929470823e+00    1.9046639340e+00    1.7953086932e+00   -7.7970413234e+00    2.6504828442e-01    1.6000000000e+02    1.5112502238e-02    6.0625000000e-01
        73   -2.2187953716e+00    4.9497994030e+00   -4.2269891722e+00    2.0081938006e+00    2.0372770776e+00    1.7953086932e+00   -8.2088735178e+00    1.4929857487e-01    1.6000000000e+02    1.2393698125e-02    5.7656250000e-01
        74   -2.2177997415e+00    4.9397524543e+00   -3.8986954598e+00    1.6808957183e+00    1.9918729581e+00    1.7953086932e+00   -7.8619236259e+00    1.7604651479e-01    1.6000000000e+02    1.3467233191e-02    5.9296875000e-01
        75   -2.2421562188e+00    5.0499929986e+00   -3.7754756641e+00    1.5333194452e+00    1.8821164994e+00    1.7953086932e+00   -7.6065090642e+00    1.5360820755e-01    1.6000000000e+02    1.2447344576e-02    5.8515625000e-01
        76   -2.2477597588e+00    5.1043791911e+00   -4.1075565477e+00    1.8597967890e+00    1.9337669879e+00    1.7953086932e+00   -8.0135304210e+00    1.7689819221e-01    1.6000000000e+02    3.1918284949e-03    6.1718750000e-01
        77   -2.2312008052e+00    5.0163175410e+00   -4.1227468524e+00    1.8915460472e+00    1.9575016486e+00    1.7953086932e+00   -8.0231348110e+00    1.4757761683e-01    1.6000000000e+02    4.9787265598e-03    5.7109375000e-01
        78   -2.2263076428e+00    4.9989924655e+00   -4.0549060067e+00    1.8285983639e+00    1.8883620227e+00    1.7953086932e+00   -7.8986715502e+00    1.6009482758e-01    1.6000000000e+02    1.7613792443e-03    5.9453125000e-01
        79   -2.2301718726e+00    4.9977317308e+00   -4.2077539489e+00    1.9775820763e+00    1.9303928964e+00    1.7953086932e+00   -8.0856052624e+00    1.5214972387e-01    1.6000000000e+02    1.2245376362e-02    5.9218750000e-01
        80   -2.2159689855e+00    4.9406198344e+00   -4.3651710058e+00    2.1492020203e+00    1.9439511372e+00    1.7953086932e+00   -8.0657990706e+00   -3.8631765615e-02    1.6000000000e+02    6.6830845608e-03    6.0078125000e-01
        81   -2.2146065493e+00    4.9369267851e+00   -3.9863582341e+00    1.7717516847e+00    1.9232703015e+00    1.7953086932e+00   -7.8720222741e+00    1.6708504533e-01    1.6000000000e+02    1.4594203414e-02    5.9375000000e-01
        82   -2.2480179868e+00    5.0854509948e+00   -4.1250841851e+00    1.8770661983e+00    1.9947652825e+00    1.7953086932e+00   -8.1302065723e+00    2.1504841144e-01    1.6000000000e+02    6.2840875180e-03    5.8671875000e-01
        83   -2.2324457303e+00    5.0069502622e+00   -4.5334256054e+00    2.3009798751e+00    1.9712255509e+00    1.7953086932e+00   -8.5391075294e+00    2.3914767977e-01    1.6000000000e+02    2.5934778969e-03    6.0312500000e-01
        84   -2.2371862013e+00    5.0351429832e+00   -3.6715757309e+00    1.4343895296e+00    1.9502946024e+00    1.7953086932e+00   -7.6116203798e+00    1.9444135325e-01    1.6000000000e+02    8.2975481928e-03    5.8984375000e-01
        85   -2.2235501375e+00    4.9722835433e+00   -3.8276017524e+00    1.6040516149e+00    1.9511403500e+00    1.7953086932e+00   -7.8070639866e+00    2.3301319108e-01    1.6000000000e+02    4.8294948647e-03    5.7656250000e-01
        86   -2.2412129976e+00    5.0638118101e+00   -3.9047492924e+00    1.6635362948e+00    1.9212081183e+00    1.7953086932e+00   -7.9156367258e+00    2.9437062190e-01    1.6000000000e+02    6.2799545412e-03    5.9375000000e-01
        87   -2.2507442491e+00    5.0867325013e+00   -4.3952935211e+00    2.1445492720e+00    2.0724442206e+00    1.7953086932e+00   -8.1835866430e+00   -7.9459791965e-02    1.6000000000e+02    6.8483492360e-03    5.5312500000e-01
        88   -2.2461273332e+00    5.0800013657e+00   -4.1268320507e+00    1.8807047175e+00    1.8825165400e+00    1.7953086932e+00   -7.9727272828e+00    1.6806999891e-01    1.6000000000e+02    5.9881488560e-03    5.8203125000e-01
        89   -2.2442848057e+00    5.1018257818e+00   -3.6368758152e+00    1.3925910096e+00    1.8949387931e+00    1.7953086932e+00   -7.5293858681e+00    2.0226256651e-01    1.6000000000e+02    1.6874885187e-03    6.0234375000e-01
        90   -2.2505507279e+00    5.0878593457e+00   -4.0569321951e+00    1.8063814672e+00    1.9799909562e+00    1.7953086932e+00   -8.0695065496e+00    2.3727470519e-01    1.6000000000e+02    1.6780822189e-03    5.6484375000e-01
        91   -2.2363743528e+00    5.0284688494e+00   -3.5966741077e+00    1.3602997549e+00    1.9041181468e+00    1.7953086932e+00   -7.4983536314e+00    2.0225268373e-01    1.6000000000e+02    7.0114421251e-03    6.2656250000e-01
        92   -2.2419917575e+00    5.1124701689e+00   -3.9768435255e+00    1.7348517680e+00    1.9951094323e+00    1.7953086932e+00   -7.8602556263e+00    9.2993975232e-02    1.6000000000e+02    6.6227904754e-03    5.8671875000e-01
        93   -2.2250901414e+00    4.9814056314e+00   -4.1922358405e+00    1.9671456991e+00    1.9089934841e+00    1.7953086932e+00   -8.0845305537e+00    1.8799253584e-01    1.6000000000e+02    7.4310170894e-03    5.8203125000e-01
        94   -2.2558941468e+00    5.1092289685e+00   -4.0491366311e+00    1.7932424843e+00    1.8724929948e+00    1.7953086932e+00   -7.8587351156e+00    1.4179679651e-01    1.6000000000e+02    1.6634891217e-03    5.6718750000e-01
        95   -2.1947733016e+00    4.8941152566e+00   -4.1897246015e+00    1.9949512999e+00    1.9640524089e+00    1.7953086932e+00   -8.1650308984e+00    2.1594519482e-01    1.6000000000e+02    6.9191796647e-03    5.8593750000e-01
        96   -2.2442489804e+00    5.0685106871e+00   -4.1411788599e+00    1.8969298795e+00    1.9131709614e+00    1.7953086932e+00   -8.1205659361e+00    2.7090742161e-01    1.6000000000e+02    9.7416366334e-03    5.9296875000e-01
        97   -2.2328479446e+00    5.0103920056e+00   -4.3189303411e+00    2.0860823965e+00    1.9770399670e+00    1.7953086932e+00   -8.2967037973e+00    2.0542479605e-01    1.6000000000e+02    4.6314068604e-03    5.8437500000e-01
        98   -2.2114907605e+00    4.9204248299e+00   -3.9129423357e+00    1.7014515752e+00    1.8378543740e+00    1.7953086932e+00   -7.7052285454e+00    1.5912314236e-01    1.6000000000e+02    8.1889760622e-03    6.0234375000e-01
        99   -2.2450979730e+00    5.0666131403e+00   -4.4593251542e+00    2.2142271811e+00    2.0382927380e+00    1.7953086932e+00   -8.4172272103e+00    1.2430062494e-01    1.6000000000e+02    6.9947232842e-03    5.5781250000e-01
