#   index    LocalEnergy         LocalEnergy_sq      LocalPotential      Kinetic             ElecElec            IonIon              LocalECP            NonLocalECP         BlockWeight         BlockCPU            AcceptRatio         
         0   -1.2464597188e+01    1.5549057605e+02   -2.2883336271e+01    1.0418739083e+01    1.8122261528e+01    1.3050037665e+01   -5.4849339127e+01    7.9370366326e-01    2.5600000000e+02    2.5638869870e-01    7.2333333333e-01
         1   -1.2417999774e+01    1.5437464340e+02   -2.2407954747e+01    9.9899549728e+00    1.8101868272e+01    1.3050037665e+01   -5.4542797776e+01    9.8293709271e-01    2.5600000000e+02    2.5686283968e-01    7.2548177083e-01
         2   -1.2469887430e+01    1.5562373753e+02   -2.2860496154e+01    1.0390608724e+01    1.8061659747e+01    1.3050037665e+01   -5.4780915251e+01    8.0872168558e-01    2.5600000000e+02    2.5628283713e-01    7.2324218750e-01
         3   -1.2457292049e+01    1.5530812970e+02   -2.2152988775e+01    9.6956967260e+00    1.8014302902e+01    1.3050037665e+01   -5.4122362989e+01    9.0503364699e-01    2.5600000000e+02    2.5551457517e-01    7.2311197917e-01
         4   -1.2429501920e+01    1.5471437789e+02   -2.2363378450e+01    9.9338765302e+00    1.8161208579e+01    1.3050037665e+01   -5.4458942611e+01    8.8431791717e-01    2.5600000000e+02    2.5702062901e-01    7.2367187500e-01
         5   -1.2445257566e+01    1.5508032166e+02   -2.1359972248e+01    8.9147146825e+00    1.7901324210e+01    1.3050037665e+01   -5.3351853013e+01    1.0405188892e+00    2.5600000000e+02    2.5585432444e-01    7.2416666667e-01
         6   -1.2460148766e+01    1.5539739635e+02   -2.2451961082e+01    9.9918123160e+00    1.8312349808e+01    1.3050037665e+01   -5.4875087812e+01    1.0607392570e+00    2.5600000000e+02    2.5669277087e-01    7.2339843750e-01
         7   -1.2438171651e+01    1.5492914326e+02   -2.2264037015e+01    9.8258653635e+00    1.8024016037e+01    1.3050037665e+01   -5.3956731333e+01    6.1864061568e-01    2.5600000000e+02    2.5555824023e-01    7.2513020833e-01
         8   -1.2477082094e+01    1.5585731455e+02   -2.1839830225e+01    9.3627481304e+00    1.8149964643e+01    1.3050037665e+01   -5.4189686924e+01    1.1498543914e+00    2.5600000000e+02    2.5722724106e-01    7.2117187500e-01
         9   -1.2434335950e+01    1.5476375196e+02   -2.2014825650e+01    9.5804896997e+00    1.7919355489e+01    1.3050037665e+01   -5.3786342205e+01    8.0212340168e-01    2.5600000000e+02    2.5527676661e-01    7.2283854167e-01
        10   -1.2398936551e+01    1.5382505782e+02   -2.2386074352e+01    9.9871378011e+00    1.8017323668e+01    1.3050037665e+01   -5.4379362846e+01    9.2592716132e-01    2.5600000000e+02    2.5633948762e-01    7.2359375000e-01
        11   -1.2440574544e+01    1.5492965796e+02   -2.2147001347e+01    9.7064268036e+00    1.7862704445e+01    1.3050037665e+01   -5.4014280267e+01    9.5453680991e-01    2.5600000000e+02    2.5491429493e-01    7.2536458333e-01
        12   -1.2405748003e+01    1.5406233052e+02   -2.2142604033e+01    9.7368560305e+00    1.8211375512e+01    1.3050037665e+01   -5.4626158890e+01    1.2221416802e+00    2.5600000000e+02    2.5669261068e-01    7.2201822917e-01
        13   -1.2446196644e+01    1.5506345930e+02   -2.1908412223e+01    9.4622155785e+00    1.8110767658e+01    1.3050037665e+01   -5.4294130640e+01    1.2249130942e+00    2.5600000000e+02    2.5584318489e-01    7.2455729167e-01
        14   -1.2397401401e+01    1.5407695260e+02   -2.2099024004e+01    9.7016226032e+00    1.8161767471e+01    1.3050037665e+01   -5.4254821249e+01    9.4399210922e-01    2.5600000000e+02    2.5608875882e-01    7.2537760417e-01
        15   -1.2414481425e+01    1.5426229182e+02   -2.2566602923e+01    1.0152121498e+01    1.8199010473e+01    1.3050037665e+01   -5.4923810300e+01    1.1081592395e+00    2.5600000000e+02    2.5735486764e-01    7.1890625000e-01
        16   -1.2431391780e+01    1.5469398075e+02   -2.2783523357e+01    1.0352131577e+01    1.8158349574e+01    1.3050037665e+01   -5.4822987653e+01    8.3107705755e-01    2.5600000000e+02    2.5664193835e-01    7.2091145833e-01
        17   -1.2430392973e+01    1.5463265155e+02   -2.1695182008e+01    9.2647890348e+00    1.8128541412e+01    1.3050037665e+01   -5.3763765831e+01    8.9000474649e-01    2.5600000000e+02    2.5582305528e-01    7.2406250000e-01
        18   -1.2441786914e+01    1.5494515361e+02   -2.1827037329e+01    9.3852504145e+00    1.7824970173e+01    1.3050037665e+01   -5.3540469249e+01    8.3842408218e-01    2.5600000000e+02    2.5636914372e-01    7.2485677083e-01
        19   -1.2475197271e+01    1.5589584074e+02   -2.2195187392e+01    9.7199901215e+00    1.7874627282e+01    1.3050037665e+01   -5.4138523507e+01    1.0186711680e+00    2.5600000000e+02    2.5617803540e-01    7.2623697917e-01
        20   -1.2448174221e+01    1.5509991848e+02   -2.2385491007e+01    9.9373167858e+00    1.7980634116e+01    1.3050037665e+01   -5.4332029985e+01    9.1586719772e-01    2.5600000000e+02    2.5549707003e-01    7.2312500000e-01
        21   -1.2459609519e+01    1.5545413308e+02   -2.2286696077e+01    9.8270865575e+00    1.8076223944e+01    1.3050037665e+01   -5.4273838257e+01    8.6088057134e-01    2.5600000000e+02    2.5683537778e-01    7.2277343750e-01
        22   -1.2434754234e+01    1.5476316636e+02   -2.2491224676e+01    1.0056470442e+01    1.8014232796e+01    1.3050037665e+01   -5.4311598631e+01    7.5610349372e-01    2.5600000000e+02    2.5623259321e-01    7.2380208333e-01
        23   -1.2487823133e+01    1.5606572537e+02   -2.2086111862e+01    9.5982887292e+00    1.8104515460e+01    1.3050037665e+01   -5.4499554326e+01    1.2588893394e+00    2.5600000000e+02    2.5625917502e-01    7.2302083333e-01
        24   -1.2429466300e+01    1.5468097267e+02   -2.2096064078e+01    9.6665977784e+00    1.8114553442e+01    1.3050037665e+01   -5.3928474797e+01    6.6781961233e-01    2.5600000000e+02    2.5672345702e-01    7.2559895833e-01
        25   -1.2446899150e+01    1.5505016970e+02   -2.2258291333e+01    9.8113921833e+00    1.7969163704e+01    1.3050037665e+01   -5.4305006378e+01    1.0275136758e+00    2.5600000000e+02    2.5687135756e-01    7.2714843750e-01
        26   -1.2445202630e+01    1.5508282282e+02   -2.1926607760e+01    9.4814051308e+00    1.8262701642e+01    1.3050037665e+01   -5.4158254990e+01    9.1890792255e-01    2.5600000000e+02    2.5611936208e-01    7.2040364583e-01
        27   -1.2484076065e+01    1.5596506162e+02   -2.2097421848e+01    9.6133457831e+00    1.8153851311e+01    1.3050037665e+01   -5.4270116706e+01    9.6880588233e-01    2.5600000000e+02    2.5553325098e-01    7.2069010417e-01
        28   -1.2479692435e+01    1.5587258279e+02   -2.1651843369e+01    9.1721509344e+00    1.8079343029e+01    1.3050037665e+01   -5.3759241396e+01    9.7801733302e-01    2.5600000000e+02    2.5632431172e-01    7.2600260417e-01
        29   -1.2463895421e+01    1.5559766959e+02   -2.2382092459e+01    9.9181970376e+00    1.8107865632e+01    1.3050037665e+01   -5.4654167755e+01    1.1141719992e+00    2.5600000000e+02    2.5611726288e-01    7.2371093750e-01
        30   -1.2400374322e+01    1.5387136098e+02   -2.2166769483e+01    9.7663951614e+00    1.8167559011e+01    1.3050037665e+01   -5.4517357237e+01    1.1329910774e+00    2.5600000000e+02    2.5678234641e-01    7.2182291667e-01
        31   -1.2433301119e+01    1.5472319324e+02   -2.2205343402e+01    9.7720422828e+00    1.8324777854e+01    1.3050037665e+01   -5.4317972726e+01    7.3781380570e-01    2.5600000000e+02    2.5684371311e-01    7.2264322917e-01
        32   -1.2422735569e+01    1.5447171505e+02   -2.2190438533e+01    9.7677029640e+00    1.8387919918e+01    1.3050037665e+01   -5.4780248239e+01    1.1518521227e+00    2.5600000000e+02    2.5770384818e-01    7.2493489583e-01
        33   -1.2439905295e+01    1.5487857894e+02   -2.1674474396e+01    9.2345691009e+00    1.8126666586e+01    1.3050037665e+01   -5.4311961874e+01    1.4607832277e+00    2.5600000000e+02    2.5544870459e-01    7.2075520833e-01
        34   -1.2456517143e+01    1.5532370389e+02   -2.2278557260e+01    9.8220401174e+00    1.8177982557e+01    1.3050037665e+01   -5.4752115726e+01    1.2455382445e+00    2.5600000000e+02    2.5574769359e-01    7.2291666667e-01
        35   -1.2460361406e+01    1.5539742354e+02   -2.2113561670e+01    9.6532002641e+00    1.8328028058e+01    1.3050037665e+01   -5.4497333094e+01    1.0057057013e+00    2.5600000000e+02    2.5655434560e-01    7.2567708333e-01
        36   -1.2435182226e+01    1.5479430612e+02   -2.2385171101e+01    9.9499888752e+00    1.8142712208e+01    1.3050037665e+01   -5.4619970437e+01    1.0420494631e+00    2.5600000000e+02    2.5658633932e-01    7.2432291667e-01
        37   -1.2429080333e+01    1.5459128572e+02   -2.1613048026e+01    9.1839676935e+00    1.8018838142e+01    1.3050037665e+01   -5.3495589973e+01    8.1366614066e-01    2.5600000000e+02    2.5516339298e-01    7.2329427083e-01
        38   -1.2396036357e+01    1.5455321634e+02   -2.1933606577e+01    9.5375702204e+00    1.7918586722e+01    1.3050037665e+01   -5.4049047399e+01    1.1468164343e+00    2.5600000000e+02    2.5527876522e-01    7.2587239583e-01
        39   -1.2416052376e+01    1.5430836911e+02   -2.2601692719e+01    1.0185640344e+01    1.8121688658e+01    1.3050037665e+01   -5.4327255568e+01    5.5383652562e-01    2.5600000000e+02    2.5710310694e-01    7.2386718750e-01
        40   -1.2412201786e+01    1.5417136755e+02   -2.2100250783e+01    9.6880489974e+00    1.8029554648e+01    1.3050037665e+01   -5.4354263255e+01    1.1744201589e+00    2.5600000000e+02    2.5578465220e-01    7.2178385417e-01
        41   -1.2463622345e+01    1.5551698410e+02   -2.2099450745e+01    9.6358283996e+00    1.8061665127e+01    1.3050037665e+01   -5.4392245517e+01    1.1810919813e+00    2.5600000000e+02    2.5670285802e-01    7.2279947917e-01
        42   -1.2413318899e+01    1.5423784405e+02   -2.1813568159e+01    9.4002492601e+00    1.8106211749e+01    1.3050037665e+01   -5.4063526536e+01    1.0937089639e+00    2.5600000000e+02    2.5600219145e-01    7.2580729167e-01
        43   -1.2430165056e+01    1.5462120401e+02   -2.2094060550e+01    9.6638954937e+00    1.7891621375e+01    1.3050037665e+01   -5.4019936756e+01    9.8421716641e-01    2.5600000000e+02    2.5484536123e-01    7.2477864583e-01
        44   -1.2444972842e+01    1.5497043290e+02   -2.2395162744e+01    9.9501899019e+00    1.8058629074e+01    1.3050037665e+01   -5.4358407977e+01    8.5457849463e-01    2.5600000000e+02    2.5615657587e-01    7.2539062500e-01
        45   -1.2428475887e+01    1.5459956257e+02   -2.2089540852e+01    9.6610649644e+00    1.8078977364e+01    1.3050037665e+01   -5.4334200623e+01    1.1156447432e+00    2.5600000000e+02    2.5696945656e-01    7.2454427083e-01
        46   -1.2392605701e+01    1.5376117103e+02   -2.1889588539e+01    9.4969828376e+00    1.7847817642e+01    1.3050037665e+01   -5.3509166487e+01    7.2172264191e-01    2.5600000000e+02    2.5557085406e-01    7.2356770833e-01
        47   -1.2446349272e+01    1.5504353048e+02   -2.2075580590e+01    9.6292313182e+00    1.8017152580e+01    1.3050037665e+01   -5.4067175113e+01    9.2440427801e-01    2.5600000000e+02    2.5577132311e-01    7.2600260417e-01
        48   -1.2461922752e+01    1.5543774495e+02   -2.1475287949e+01    9.0133651976e+00    1.8096280413e+01    1.3050037665e+01   -5.4033709634e+01    1.4121036074e+00    2.5600000000e+02    2.5630459189e-01    7.2229166667e-01
        49   -1.2484157432e+01    1.5626254547e+02   -2.1988552125e+01    9.5043946924e+00    1.8000176591e+01    1.3050037665e+01   -5.3685611039e+01    6.4684465805e-01    2.5600000000e+02    2.5699615851e-01    7.2354166667e-01
        50   -1.2454899211e+01    1.5528921153e+02   -2.2348371028e+01    9.8934718168e+00    1.8266674816e+01    1.3050037665e+01   -5.4680205072e+01    1.0151215631e+00    2.5600000000e+02    2.5727469102e-01    7.2268229167e-01
        51   -1.2436224113e+01    1.5482891593e+02   -2.2590088638e+01    1.0153864524e+01    1.8087507487e+01    1.3050037665e+01   -5.4500382948e+01    7.7274915821e-01    2.5600000000e+02    2.5635913480e-01    7.2273437500e-01
        52   -1.2398208223e+01    1.5391460792e+02   -2.2118661710e+01    9.7204534871e+00    1.7967561800e+01    1.3050037665e+01   -5.4145986444e+01    1.0097252692e+00    2.5600000000e+02    2.5560603105e-01    7.2333333333e-01
        53   -1.2434594126e+01    1.5476866285e+02   -2.1911679611e+01    9.4770854848e+00    1.8119916192e+01    1.3050037665e+01   -5.4080348859e+01    9.9871539167e-01    2.5600000000e+02    2.5756922923e-01    7.2312500000e-01
        54   -1.2417338576e+01    1.5430641714e+02   -2.2276495679e+01    9.8591571036e+00    1.8145236975e+01    1.3050037665e+01   -5.4775022094e+01    1.3032517751e+00    2.5600000000e+02    2.5674843602e-01    7.2398437500e-01
        55   -1.2429880266e+01    1.5461342879e+02   -2.2640713828e+01    1.0210833562e+01    1.8295598523e+01    1.3050037665e+01   -5.5042244257e+01    1.0558942406e+00    2.5600000000e+02    2.5756660011e-01    7.2606770833e-01
        56   -1.2431506356e+01    1.5468403394e+02   -2.2113946479e+01    9.6824401228e+00    1.8073265852e+01    1.3050037665e+01   -5.4081284155e+01    8.4403415879e-01    2.5600000000e+02    2.5652591232e-01    7.2386718750e-01
        57   -1.2428819992e+01    1.5464332925e+02   -2.1864674299e+01    9.4358543071e+00    1.8222956568e+01    1.3050037665e+01   -5.4275820040e+01    1.1381515078e+00    2.5600000000e+02    2.5646298472e-01    7.2282552083e-01
        58   -1.2418351655e+01    1.5434297089e+02   -2.2697487193e+01    1.0279135539e+01    1.8118620301e+01    1.3050037665e+01   -5.4951956588e+01    1.0858114284e+00    2.5600000000e+02    2.5617163815e-01    7.2173177083e-01
        59   -1.2453559282e+01    1.5527938025e+02   -2.1731022245e+01    9.2774629634e+00    1.8158414322e+01    1.3050037665e+01   -5.3884342606e+01    9.4486837403e-01    2.5600000000e+02    2.5675393362e-01    7.2335937500e-01
        60   -1.2427719826e+01    1.5472019854e+02   -2.2021763861e+01    9.5940440359e+00    1.8108166840e+01    1.3050037665e+01   -5.4064637318e+01    8.8466895230e-01    2.5600000000e+02    2.5549692195e-01    7.2216145833e-01
        61   -1.2495309009e+01    1.5627286822e+02   -2.2187443093e+01    9.6921340840e+00    1.7805888149e+01    1.3050037665e+01   -5.3469405836e+01    4.2603693009e-01    2.5600000000e+02    2.5482646562e-01    7.2277343750e-01
        62   -1.2427363651e+01    1.5462083182e+02   -2.2328987767e+01    9.9016241161e+00    1.8019694086e+01    1.3050037665e+01   -5.4237088670e+01    8.3836915263e-01    2.5600000000e+02    2.5630762428e-01    7.2313802083e-01
        63   -1.2266048133e+01    1.5928610599e+02   -2.2148675467e+01    9.8826273338e+00    1.8220068228e+01    1.3050037665e+01   -5.4374276857e+01    9.5549549826e-01    2.5600000000e+02    2.5619464181e-01    7.2361979167e-01
        64   -1.2454892980e+01    1.5527920066e+02   -2.1915700529e+01    9.4608075494e+00    1.8066832162e+01    1.3050037665e+01   -5.4013724614e+01    9.8115425858e-01    2.5600000000e+02    2.5569095742e-01    7.2535156250e-01
        65   -1.2438326179e+01    1.5485845570e+02   -2.2318201773e+01    9.8798755945e+00    1.7985078897e+01    1.3050037665e+01   -5.3881572133e+01    5.2825379803e-01    2.5600000000e+02    2.5572229736e-01    7.2315104167e-01
        66   -1.2431620860e+01    1.5474428782e+02   -2.2213693703e+01    9.7820728427e+00    1.8001031463e+01    1.3050037665e+01   -5.3743818561e+01    4.7905573022e-01    2.5600000000e+02    2.5579014886e-01    7.2343750000e-01
        67   -1.2426943415e+01    1.5462728846e+02   -2.2724144277e+01    1.0297200862e+01    1.8043187050e+01    1.3050037665e+01   -5.4348925931e+01    5.3155693947e-01    2.5600000000e+02    2.5639486220e-01    7.2234375000e-01
        68   -1.2440163460e+01    1.5487022829e+02   -2.2046999041e+01    9.6068355816e+00    1.8009399482e+01    1.3050037665e+01   -5.4190763585e+01    1.0843273967e+00    2.5600000000e+02    2.5601911265e-01    7.2458333333e-01
        69   -1.2444934894e+01    1.5501562488e+02   -2.1900469637e+01    9.4555347431e+00    1.7977852777e+01    1.3050037665e+01   -5.3998878005e+01    1.0705179260e+00    2.5600000000e+02    2.5587599073e-01    7.2425781250e-01
        70   -1.2408096941e+01    1.5416147855e+02   -2.1901519397e+01    9.4934224561e+00    1.7963187393e+01    1.3050037665e+01   -5.3817864575e+01    9.0312011995e-01    2.5600000000e+02    2.5510285050e-01    7.2302083333e-01
        71   -1.2443486473e+01    1.5499995911e+02   -2.2274855384e+01    9.8313689111e+00    1.8069439058e+01    1.3050037665e+01   -5.4021195763e+01    6.2686365620e-01    2.5600000000e+02    2.5642306544e-01    7.2384114583e-01
        72   -1.2435063171e+01    1.5473519004e+02   -2.2452219499e+01    1.0017156327e+01    1.8054231755e+01    1.3050037665e+01   -5.4406832042e+01    8.5034312372e-01    2.5600000000e+02    2.5570378546e-01    7.2110677083e-01
        73   -1.2462441479e+01    1.5546032010e+02   -2.2374732408e+01    9.9122909286e+00    1.7915780782e+01    1.3050037665e+01   -5.3826935162e+01    4.8638430769e-01    2.5600000000e+02    2.5574361626e-01    7.2428385417e-01
        74   -1.2443413793e+01    1.5499975033e+02   -2.2235707919e+01    9.7922941256e+00    1.8162393124e+01    1.3050037665e+01   -5.4714804315e+01    1.2666656082e+00    2.5600000000e+02    2.5544793066e-01    7.2235677083e-01
        75   -1.2432345756e+01    1.5469470729e+02   -2.2816110448e+01    1.0383764692e+01    1.7945150655e+01    1.3050037665e+01   -5.4790527983e+01    9.7922921570e-01    2.5600000000e+02    2.5577012636e-01    7.2111979167e-01
        76   -1.2429531153e+01    1.5470826095e+02   -2.2416201785e+01    9.9866706315e+00    1.8044625101e+01    1.3050037665e+01   -5.4541610130e+01    1.0307455789e+00    2.5600000000e+02    2.5737164728e-01    7.2287760417e-01
        77   -1.2502170283e+01    1.5649837501e+02   -2.2221525873e+01    9.7193555893e+00    1.7915012583e+01    1.3050037665e+01   -5.3888437118e+01    7.0186099720e-01    2.5600000000e+02    2.5558504555e-01    7.2375000000e-01
        78   -1.2442014654e+01    1.5495127423e+02   -2.2031592469e+01    9.5895778149e+00    1.8277845141e+01    1.3050037665e+01   -5.4229013612e+01    8.6953833664e-01    2.5600000000e+02    2.5656972546e-01    7.2510416667e-01
        79   -1.2440243474e+01    1.5485270575e+02   -2.2419128934e+01    9.9788854597e+00    1.8214860191e+01    1.3050037665e+01   -5.4471182137e+01    7.8715534762e-01    2.5600000000e+02    2.5700916257e-01    7.2712239583e-01
        80   -1.2462645125e+01    1.5543254020e+02   -2.2227537480e+01    9.7648923549e+00    1.8030433659e+01    1.3050037665e+01   -5.4211747763e+01    9.0373895837e-01    2.5600000000e+02    2.5618666690e-01    7.2386718750e-01
        81   -1.2433050505e+01    1.5472132244e+02   -2.1848949271e+01    9.4158987659e+00    1.7957665204e+01    1.3050037665e+01   -5.3887354168e+01    1.0307020289e+00    2.5600000000e+02    2.5565986801e-01    7.2535156250e-01
        82   -1.2451656016e+01    1.5519805165e+02   -2.2370281212e+01    9.9186251963e+00    1.8070200545e+01    1.3050037665e+01   -5.4169525488e+01    6.7900606590e-01    2.5600000000e+02    2.5589527190e-01    7.2791666667e-01
        83   -1.2443365037e+01    1.5499682594e+02   -2.2508051769e+01    1.0064686733e+01    1.8020496669e+01    1.3050037665e+01   -5.4470338716e+01    8.9175261307e-01    2.5600000000e+02    2.5703006145e-01    7.2453125000e-01
        84   -1.2447040117e+01    1.5504317040e+02   -2.2220959331e+01    9.7739192141e+00    1.8016960826e+01    1.3050037665e+01   -5.4176964616e+01    8.8900679437e-01    2.5600000000e+02    2.5619989540e-01    7.2411458333e-01
        85   -1.2469656043e+01    1.5561248077e+02   -2.2301176821e+01    9.8315207787e+00    1.8105916539e+01    1.3050037665e+01   -5.4411591974e+01    9.5446094848e-01    2.5600000000e+02    2.5606362708e-01    7.2450520833e-01
        86   -1.2409736190e+01    1.5449127176e+02   -2.2686453159e+01    1.0276716969e+01    1.8193775596e+01    1.3050037665e+01   -5.4708903784e+01    7.7863736488e-01    2.5600000000e+02    2.5703086145e-01    7.2265625000e-01
        87   -1.2400639971e+01    1.5394743332e+02   -2.2192551666e+01    9.7919116949e+00    1.8275139191e+01    1.3050037665e+01   -5.4442739625e+01    9.2501110260e-01    2.5600000000e+02    2.5714049768e-01    7.2220052083e-01
        88   -1.2434178055e+01    1.5473255449e+02   -2.2228398710e+01    9.7942206542e+00    1.7985483493e+01    1.3050037665e+01   -5.4248811008e+01    9.8489114091e-01    2.5600000000e+02    2.5559372175e-01    7.2506510417e-01
        89   -1.2417960770e+01    1.5436376415e+02   -2.2139870502e+01    9.7219097325e+00    1.8072278462e+01    1.3050037665e+01   -5.4220360990e+01    9.5817436135e-01    2.5600000000e+02    2.5581921358e-01    7.2315104167e-01
        90   -1.2438360830e+01    1.5483044441e+02   -2.2652684478e+01    1.0214323648e+01    1.8258691659e+01    1.3050037665e+01   -5.4721890191e+01    7.6047638910e-01    2.5600000000e+02    2.5845158007e-01    7.2266927083e-01
        91   -1.2455025512e+01    1.5525851726e+02   -2.1890329037e+01    9.4353035244e+00    1.8334585254e+01    1.3050037665e+01   -5.4366070938e+01    1.0911189826e+00    2.5600000000e+02    2.5648523122e-01    7.2067708333e-01
        92   -1.2461731171e+01    1.5548699548e+02   -2.1888973758e+01    9.4272425877e+00    1.8222695440e+01    1.3050037665e+01   -5.4199828821e+01    1.0381219578e+00    2.5600000000e+02    2.5659129210e-01    7.2345052083e-01
        93   -1.2455657933e+01    1.5529034900e+02   -2.2034269688e+01    9.5786117548e+00    1.8083661473e+01    1.3050037665e+01   -5.4007845065e+01    8.3987623944e-01    2.5600000000e+02    2.5571668800e-01    7.2526041667e-01
        94   -1.2472836163e+01    1.5583006828e+02   -2.2556840847e+01    1.0084004684e+01    1.8070547380e+01    1.3050037665e+01   -5.4116336553e+01    4.3891066201e-01    2.5600000000e+02    2.5662152190e-01    7.2192708333e-01
        95   -1.2481402888e+01    1.5600739590e+02   -2.2460699535e+01    9.9792966472e+00    1.8179623659e+01    1.3050037665e+01   -5.4604269019e+01    9.1390816065e-01    2.5600000000e+02    2.5681716856e-01    7.2391927083e-01
        96   -1.2457481071e+01    1.5548768948e+02   -2.2012832034e+01    9.5553509623e+00    1.8264191078e+01    1.3050037665e+01   -5.4129709640e+01    8.0264886379e-01    2.5600000000e+02    2.5640621129e-01    7.2332031250e-01
        97   -1.2426502460e+01    1.5456290939e+02   -2.2194038042e+01    9.7675355818e+00    1.8177052009e+01    1.3050037665e+01   -5.4377416796e+01    9.5628908007e-01    2.5600000000e+02    2.5720822532e-01    7.2354166667e-01
        98   -1.2446359646e+01    1.5503628986e+02   -2.1891993276e+01    9.4456336303e+00    1.7907397869e+01    1.3050037665e+01   -5.4015339428e+01    1.1659106185e+00    2.5600000000e+02    2.5664503127e-01    7.2615885417e-01
        99   -1.2453191364e+01    1.5521807476e+02   -2.1920252492e+01    9.4670611285e+00    1.7846699288e+01    1.3050037665e+01   -5.3814012361e+01    9.9702291689e-01    2.5600000000e+02    2.5638299901e-01    7.2386718750e-01
       100   -1.2446282078e+01    1.5510275166e+02   -2.2364670267e+01    9.9183881882e+00    1.8180381620e+01    1.3050037665e+01   -5.4554713247e+01    9.5962369521e-01    2.5600000000e+02    2.5654265285e-01    7.2183593750e-01
       101   -1.2422431963e+01    1.5445446950e+02   -2.1909661645e+01    9.4872296824e+00    1.8087276684e+01    1.3050037665e+01   -5.3940959203e+01    8.9398320831e-01    2.5600000000e+02    2.5637647510e-01    7.2609375000e-01
       102   -1.2452253256e+01    1.5518742234e+02   -2.2204130693e+01    9.7518774368e+00    1.8165468401e+01    1.3050037665e+01   -5.4320772725e+01    9.0113596628e-01    2.5600000000e+02    2.5719805714e-01    7.2558593750e-01
       103   -1.2477646743e+01    1.5583077195e+02   -2.2630529870e+01    1.0152883127e+01    1.8055702812e+01    1.3050037665e+01   -5.4574706112e+01    8.3843576500e-01    2.5600000000e+02    2.5499118026e-01    7.2183593750e-01
       104   -1.2441685746e+01    1.5498230883e+02   -2.2680732196e+01    1.0239046451e+01    1.8248892896e+01    1.3050037665e+01   -5.4537909286e+01    5.5824652847e-01    2.5600000000e+02    2.5812365208e-01    7.2277343750e-01
       105   -1.2428238911e+01    1.5456503517e+02   -2.2286695579e+01    9.8584566684e+00    1.8148481795e+01    1.3050037665e+01   -5.4307702194e+01    8.2248715507e-01    2.5600000000e+02    2.5664988719e-01    7.2484375000e-01
       106   -1.2445396128e+01    1.5504717285e+02   -2.2417334114e+01    9.9719379858e+00    1.8088883490e+01    1.3050037665e+01   -5.4385803195e+01    8.2954792673e-01    2.5600000000e+02    2.5680820271e-01    7.2242187500e-01
       107   -1.2414379575e+01    1.5422673525e+02   -2.1875874997e+01    9.4614954215e+00    1.8092990951e+01    1.3050037665e+01   -5.4166426845e+01    1.1475232326e+00    2.5600000000e+02    2.5708763767e-01    7.2440104167e-01
       108   -1.2460635076e+01    1.5541491139e+02   -2.2525710433e+01    1.0065075356e+01    1.8234155916e+01    1.3050037665e+01   -5.4713288882e+01    9.0338486878e-01    2.5600000000e+02    2.5661687739e-01    7.2277343750e-01
       109   -1.2389795160e+01    1.5368008473e+02   -2.2057078731e+01    9.6672835716e+00    1.7851163014e+01    1.3050037665e+01   -5.3910266219e+01    9.5198680887e-01    2.5600000000e+02    2.5533287320e-01    7.2399739583e-01
       110   -1.2434907591e+01    1.5489116684e+02   -2.1872814440e+01    9.4379068489e+00    1.7871774233e+01    1.3050037665e+01   -5.3745750799e+01    9.5112446129e-01    2.5600000000e+02    2.5509590376e-01    7.2227864583e-01
       111   -1.2422624149e+01    1.5451891251e+02   -2.2310928473e+01    9.8883043248e+00    1.8063766568e+01    1.3050037665e+01   -5.4485271559e+01    1.0605388525e+00    2.5600000000e+02    2.5629980117e-01    7.2619791667e-01
       112   -1.2468269698e+01    1.5558208192e+02   -2.1832034081e+01    9.3637643829e+00    1.8171256032e+01    1.3050037665e+01   -5.4123682955e+01    1.0703551778e+00    2.5600000000e+02    2.5548114534e-01    7.2143229167e-01
       113   -1.2481674305e+01    1.5598530067e+02   -2.2667009764e+01    1.0185335458e+01    1.8079045144e+01    1.3050037665e+01   -5.4497080358e+01    7.0098778561e-01    2.5600000000e+02    2.5604628120e-01    7.2260416667e-01
       114   -1.2502492246e+01    1.5726373291e+02   -2.2177606519e+01    9.6751142732e+00    1.7766084735e+01    1.3050037665e+01   -5.3535255252e+01    5.4152633354e-01    2.5600000000e+02    2.5509760063e-01    7.2079427083e-01
       115   -1.2461398370e+01    1.5550828322e+02   -2.2548232291e+01    1.0086833920e+01    1.8073171037e+01    1.3050037665e+01   -5.4267796863e+01    5.9635587026e-01    2.5600000000e+02    2.5608401839e-01    7.2179687500e-01
       116   -1.2420190037e+01    1.5444628622e+02   -2.2663051039e+01    1.0242861002e+01    1.8244291556e+01    1.3050037665e+01   -5.5076134813e+01    1.1187545543e+00    2.5600000000e+02    2.5674068276e-01    7.2330729167e-01
       117   -1.2470480573e+01    1.5598056435e+02   -2.2530865988e+01    1.0060385415e+01    1.8171383117e+01    1.3050037665e+01   -5.4515223466e+01    7.6293669558e-01    2.5600000000e+02    2.5666573644e-01    7.2261718750e-01
       118   -1.2445380561e+01    1.5498957734e+02   -2.1702600242e+01    9.2572196816e+00    1.7990102965e+01    1.3050037665e+01   -5.3880235118e+01    1.1374942457e+00    2.5600000000e+02    2.5674589537e-01    7.2269531250e-01
       119   -1.2440091565e+01    1.5485252487e+02   -2.1653381548e+01    9.2132899823e+00    1.7918319820e+01    1.3050037665e+01   -5.3686475138e+01    1.0647361061e+00    2.5600000000e+02    2.5565321650e-01    7.2287760417e-01
       120   -1.2497117893e+01    1.5633570658e+02   -2.2557498949e+01    1.0060381055e+01    1.8302247937e+01    1.3050037665e+01   -5.4755995904e+01    8.4621135303e-01    2.5600000000e+02    2.5711543486e-01    7.2216145833e-01
       121   -1.2457293714e+01    1.5530987363e+02   -2.2188180898e+01    9.7308871837e+00    1.8110336374e+01    1.3050037665e+01   -5.4477905608e+01    1.1293506715e+00    2.5600000000e+02    2.5755649339e-01    7.2259114583e-01
       122   -1.2404743616e+01    1.5399603626e+02   -2.2084428204e+01    9.6796845880e+00    1.8044383905e+01    1.3050037665e+01   -5.4134507156e+01    9.5565738247e-01    2.5600000000e+02    2.5695735961e-01    7.2406250000e-01
       123   -1.2476830563e+01    1.5588171292e+02   -2.2539375471e+01    1.0062544909e+01    1.8178646795e+01    1.3050037665e+01   -5.4341631278e+01    5.7357134690e-01    2.5600000000e+02    2.5742436573e-01    7.2704427083e-01
       124   -1.2449258709e+01    1.5507627422e+02   -2.1885757237e+01    9.4364985283e+00    1.7933195076e+01    1.3050037665e+01   -5.3598750372e+01    7.2976039446e-01    2.5600000000e+02    2.5532466359e-01    7.1970052083e-01
       125   -1.2452468950e+01    1.5518049975e+02   -2.2547556945e+01    1.0095087995e+01    1.8141759354e+01    1.3050037665e+01   -5.4279722692e+01    5.4036872816e-01    2.5600000000e+02    2.5690050516e-01    7.1962239583e-01
       126   -1.2441445036e+01    1.5500697936e+02   -2.1870561435e+01    9.4291163993e+00    1.7908960446e+01    1.3050037665e+01   -5.3713302584e+01    8.8374303780e-01    2.5600000000e+02    2.5575060956e-01    7.2437500000e-01
       127   -1.2446957623e+01    1.5505455595e+02   -2.2147256873e+01    9.7002992506e+00    1.7895540822e+01    1.3050037665e+01   -5.4210060806e+01    1.1172254457e+00    2.5600000000e+02    2.5631219242e-01    7.2533854167e-01
       128   -1.2458761823e+01    1.5545123198e+02   -2.2020113009e+01    9.5613511860e+00    1.7789334663e+01    1.3050037665e+01   -5.3821115222e+01    9.6162988580e-01    2.5600000000e+02    2.5527060404e-01    7.1829427083e-01
       129   -1.2427761855e+01    1.5466532072e+02   -2.2034484556e+01    9.6067227010e+00    1.8036561787e+01    1.3050037665e+01   -5.3887958018e+01    7.6687401003e-01    2.5600000000e+02    2.5676170737e-01    7.2440104167e-01
       130   -1.2420931958e+01    1.5451524041e+02   -2.2221434901e+01    9.8005029427e+00    1.8136459375e+01    1.3050037665e+01   -5.4383254256e+01    9.7532231556e-01    2.5600000000e+02    2.5624973606e-01    7.2381510417e-01
       131   -1.2449422551e+01    1.5517148983e+02   -2.2819925737e+01    1.0370503186e+01    1.8172113697e+01    1.3050037665e+01   -5.4913563629e+01    8.7148652981e-01    2.5600000000e+02    2.5783345569e-01    7.2382812500e-01
       132   -1.2480634195e+01    1.5591428065e+02   -2.2129554386e+01    9.6489201913e+00    1.8043447111e+01    1.3050037665e+01   -5.4143867066e+01    9.2082790443e-01    2.5600000000e+02    2.5645309687e-01    7.2410156250e-01
       133   -1.2483650735e+01    1.5600724849e+02   -2.2445531771e+01    9.9618810365e+00    1.8050877627e+01    1.3050037665e+01   -5.4447727476e+01    9.0128041294e-01    2.5600000000e+02    2.5611709896e-01    7.2364583333e-01
       134   -1.2451964853e+01    1.5516619712e+02   -2.2497862188e+01    1.0045897336e+01    1.8043434439e+01    1.3050037665e+01   -5.4604517581e+01    1.0131832888e+00    2.5600000000e+02    2.5605861377e-01    7.2217447917e-01
       135   -1.2444707083e+01    1.5505539051e+02   -2.2496624803e+01    1.0051917720e+01    1.8129051800e+01    1.3050037665e+01   -5.4839915514e+01    1.1642012455e+00    2.5600000000e+02    2.5757901464e-01    7.2489583333e-01
       136   -1.2428413471e+01    1.5464103929e+02   -2.1944551440e+01    9.5161379691e+00    1.8230077629e+01    1.3050037665e+01   -5.4161952319e+01    9.3728558624e-01    2.5600000000e+02    2.5690804049e-01    7.2292968750e-01
       137   -1.2438508755e+01    1.5482098268e+02   -2.1715486159e+01    9.2769774041e+00    1.8019460708e+01    1.3050037665e+01   -5.3852793380e+01    1.0678088475e+00    2.5600000000e+02    2.5677390117e-01    7.2670572917e-01
       138   -1.2475088491e+01    1.5574990897e+02   -2.2681601752e+01    1.0206513260e+01    1.8148777594e+01    1.3050037665e+01   -5.4683514360e+01    8.0309734952e-01    2.5600000000e+02    2.5796712190e-01    7.2220052083e-01
       139   -1.2425647204e+01    1.5453230069e+02   -2.2041216064e+01    9.6155688602e+00    1.8129490147e+01    1.3050037665e+01   -5.4093454810e+01    8.7271093420e-01    2.5600000000e+02    2.5717136264e-01    7.2552083333e-01
       140   -1.2451424773e+01    1.5526504966e+02   -2.2621366341e+01    1.0169941569e+01    1.7763198682e+01    1.3050037665e+01   -5.4326972264e+01    8.9236957614e-01    2.5600000000e+02    2.5579745881e-01    7.2423177083e-01
       141   -1.2461556166e+01    1.5542816447e+02   -2.2421132786e+01    9.9595766206e+00    1.8215213988e+01    1.3050037665e+01   -5.4641018985e+01    9.5463454608e-01    2.5600000000e+02    2.5691209640e-01    7.2377604167e-01
       142   -1.2453694174e+01    1.5521530151e+02   -2.1827747614e+01    9.3740534391e+00    1.7824116901e+01    1.3050037665e+01   -5.3505733705e+01    8.0383152590e-01    2.5600000000e+02    2.5605549198e-01    7.2253906250e-01
       143   -1.2465166793e+01    1.5551948474e+02   -2.1708749963e+01    9.2435831698e+00    1.7971407974e+01    1.3050037665e+01   -5.3581114413e+01    8.5091881165e-01    2.5600000000e+02    2.5532660726e-01    7.2643229167e-01
       144   -1.2490977574e+01    1.5630065740e+02   -2.2130517542e+01    9.6395399675e+00    1.7866575203e+01    1.3050037665e+01   -5.3897766915e+01    8.5063650541e-01    2.5600000000e+02    2.5566152390e-01    7.2394531250e-01
       145   -1.2443473618e+01    1.5501999144e+02   -2.2323661421e+01    9.8801878025e+00    1.7911203411e+01    1.3050037665e+01   -5.4261262848e+01    9.7636035135e-01    2.5600000000e+02    2.5681178458e-01    7.2429687500e-01
       146   -1.2437600160e+01    1.5482793104e+02   -2.2135919700e+01    9.6983195401e+00    1.8008039820e+01    1.3050037665e+01   -5.4108078895e+01    9.1408171092e-01    2.5600000000e+02    2.5537274498e-01    7.2674479167e-01
       147   -1.2470356896e+01    1.5565510240e+02   -2.2276326543e+01    9.8059696467e+00    1.8006095194e+01    1.3050037665e+01   -5.4253474656e+01    9.2101525424e-01    2.5600000000e+02    2.5690399855e-01    7.1996093750e-01
       148   -1.2410965607e+01    1.5417730271e+02   -2.2133302438e+01    9.7223368306e+00    1.8181460253e+01    1.3050037665e+01   -5.4130689416e+01    7.6588905996e-01    2.5600000000e+02    2.5681352522e-01    7.2492187500e-01
       149   -1.2427156349e+01    1.5458833655e+02   -2.2233296332e+01    9.8061399833e+00    1.7961101321e+01    1.3050037665e+01   -5.3837461168e+01    5.9302585052e-01    2.5600000000e+02    2.5619898830e-01    7.2476562500e-01
       150   -1.2456531502e+01    1.5528088856e+02   -2.2407602960e+01    9.9510714584e+00    1.7944406782e+01    1.3050037665e+01   -5.4021498767e+01    6.1945136072e-01    2.5600000000e+02    2.5481690280e-01    7.2540364583e-01
       151   -1.2477746371e+01    1.5583694608e+02   -2.2019996656e+01    9.5422502854e+00    1.7925225358e+01    1.3050037665e+01   -5.3733199142e+01    7.3793946284e-01    2.5600000000e+02    2.5443924684e-01    7.2011718750e-01
       152   -1.2458417484e+01    1.5533986619e+02   -2.1612637423e+01    9.1542199385e+00    1.8184234519e+01    1.3050037665e+01   -5.3890896627e+01    1.0439870210e+00    2.5600000000e+02    2.5682242494e-01    7.2356770833e-01
       153   -1.2433941814e+01    1.5481670866e+02   -2.2739166813e+01    1.0305225000e+01    1.8337186135e+01    1.3050037665e+01   -5.4553278677e+01    4.2688806387e-01    2.5600000000e+02    2.5725789741e-01    7.2386718750e-01
       154   -1.2437405467e+01    1.5483746282e+02   -2.2815360330e+01    1.0377954863e+01    1.8128218233e+01    1.3050037665e+01   -5.4996840682e+01    1.0032244545e+00    2.5600000000e+02    2.5690941513e-01    7.2278645833e-01
       155   -1.2415260563e+01    1.5423936009e+02   -2.2580221079e+01    1.0164960516e+01    1.8152948762e+01    1.3050037665e+01   -5.4651151976e+01    8.6794447017e-01    2.5600000000e+02    2.5700430106e-01    7.2459635417e-01
       156   -1.2461256655e+01    1.5548181368e+02   -2.2969237153e+01    1.0507980498e+01    1.8322970885e+01    1.3050037665e+01   -5.5355937585e+01    1.0136918819e+00    2.5600000000e+02    2.5763508957e-01    7.2486979167e-01
       157   -1.2455630767e+01    1.5528273487e+02   -2.1932627405e+01    9.4769966374e+00    1.8413122455e+01    1.3050037665e+01   -5.4510204339e+01    1.1144168147e+00    2.5600000000e+02    2.5591638964e-01    7.2315104167e-01
       158   -1.2470369978e+01    1.5580006998e+02   -2.2404441039e+01    9.9340710615e+00    1.8179972573e+01    1.3050037665e+01   -5.4858216927e+01    1.2237656505e+00    2.5600000000e+02    2.5682402682e-01    7.2007812500e-01
       159   -1.2457678124e+01    1.5532478580e+02   -2.1974785936e+01    9.5171078119e+00    1.8113514228e+01    1.3050037665e+01   -5.3996706359e+01    8.5836853088e-01    2.5600000000e+02    2.5684550032e-01    7.2457031250e-01
       160   -1.2486631887e+01    1.5604703396e+02   -2.1928807367e+01    9.4421754802e+00    1.8047025255e+01    1.3050037665e+01   -5.3895056165e+01    8.6918587836e-01    2.5600000000e+02    2.5660197716e-01    7.2385416667e-01
       161   -1.2449583335e+01    1.5510285113e+02   -2.2319148082e+01    9.8695647470e+00    1.8121441986e+01    1.3050037665e+01   -5.4409082858e+01    9.1845512580e-01    2.5600000000e+02    2.5792747457e-01    7.2190104167e-01
       162   -1.2404544482e+01    1.5401363660e+02   -2.1966286524e+01    9.5617420420e+00    1.8108193474e+01    1.3050037665e+01   -5.4220428952e+01    1.0959112893e+00    2.5600000000e+02    2.5654998794e-01    7.2453125000e-01
       163   -1.2429985691e+01    1.5462975112e+02   -2.2580850251e+01    1.0150864559e+01    1.8113205494e+01    1.3050037665e+01   -5.4636647142e+01    8.9255373294e-01    2.5600000000e+02    2.5657911692e-01    7.2292968750e-01
       164   -1.2458656392e+01    1.5540659147e+02   -2.1910552992e+01    9.4518965994e+00    1.8031868326e+01    1.3050037665e+01   -5.4303714520e+01    1.3112555374e+00    2.5600000000e+02    2.5583389867e-01    7.1993489583e-01
       165   -1.2387015200e+01    1.5360919075e+02   -2.2512560754e+01    1.0125545554e+01    1.7976134904e+01    1.3050037665e+01   -5.4372922776e+01    8.3418945373e-01    2.5600000000e+02    2.5555235799e-01    7.2541666667e-01
       166   -1.2474272169e+01    1.5572747227e+02   -2.2368772588e+01    9.8945004198e+00    1.8128249086e+01    1.3050037665e+01   -5.4234801295e+01    6.8774195565e-01    2.5600000000e+02    2.5673155300e-01    7.2294270833e-01
       167   -1.2418910570e+01    1.5437799623e+02   -2.2251437213e+01    9.8325266435e+00    1.8114272806e+01    1.3050037665e+01   -5.4202356724e+01    7.8660903954e-01    2.5600000000e+02    2.5573129766e-01    7.1925781250e-01
       168   -1.2422614246e+01    1.5446969635e+02   -2.2215402812e+01    9.7927885658e+00    1.8059562447e+01    1.3050037665e+01   -5.3965871124e+01    6.4086819961e-01    2.5600000000e+02    2.5568918977e-01    7.1977864583e-01
       169   -1.2439411068e+01    1.5499185851e+02   -2.2070424097e+01    9.6310130296e+00    1.8030147069e+01    1.3050037665e+01   -5.3926849792e+01    7.7624096094e-01    2.5600000000e+02    2.5782481488e-01    7.2378906250e-01
       170   -1.2409212514e+01    1.5413297722e+02   -2.1259723828e+01    8.8505113140e+00    1.8017745082e+01    1.3050037665e+01   -5.3661365686e+01    1.3338591103e+00    2.5600000000e+02    2.5526290759e-01    7.2330729167e-01
       171   -1.2473915653e+01    1.5577424490e+02   -2.2756374484e+01    1.0282458831e+01    1.7936777467e+01    1.3050037665e+01   -5.4524879188e+01    7.8168957229e-01    2.5600000000e+02    2.5588694680e-01    7.2440104167e-01
       172   -1.2461070164e+01    1.5542705739e+02   -2.1664923611e+01    9.2038534471e+00    1.7939381940e+01    1.3050037665e+01   -5.3556210016e+01    9.0186680000e-01    2.5600000000e+02    2.5668592751e-01    7.2425781250e-01
       173   -1.2435385961e+01    1.5475241565e+02   -2.2136744808e+01    9.7013588466e+00    1.7945446408e+01    1.3050037665e+01   -5.3943927175e+01    8.1169829466e-01    2.5600000000e+02    2.5663529430e-01    7.2316406250e-01
       174   -1.2456038493e+01    1.5528161859e+02   -2.2176927168e+01    9.7208886755e+00    1.8069039385e+01    1.3050037665e+01   -5.4115838929e+01    8.1983471001e-01    2.5600000000e+02    2.5606292672e-01    7.2212239583e-01
       175   -1.2415517228e+01    1.5424252714e+02   -2.2225773099e+01    9.8102558707e+00    1.7839523229e+01    1.3050037665e+01   -5.4132750402e+01    1.0174164091e+00    2.5600000000e+02    2.5530431420e-01    7.2445312500e-01
       176   -1.2424182426e+01    1.5450729657e+02   -2.2093740131e+01    9.6695577051e+00    1.8100087332e+01    1.3050037665e+01   -5.4045809417e+01    8.0194428976e-01    2.5600000000e+02    2.5593305193e-01    7.2213541667e-01
       177   -1.2452017337e+01    1.5514953569e+02   -2.1939188398e+01    9.4871710613e+00    1.7948728838e+01    1.3050037665e+01   -5.4276815196e+01    1.3388602957e+00    2.5600000000e+02    2.5535927247e-01    7.2311197917e-01
       178   -1.2465695561e+01    1.5553379100e+02   -2.2420860511e+01    9.9551649506e+00    1.7890579327e+01    1.3050037665e+01   -5.4257219995e+01    8.9574249192e-01    2.5600000000e+02    2.5565476343e-01    7.2355468750e-01
       179   -1.2432989486e+01    1.5472096952e+02   -2.2071039286e+01    9.6380497997e+00    1.8110730674e+01    1.3050037665e+01   -5.4089432752e+01    8.5762512717e-01    2.5600000000e+02    2.5712259021e-01    7.2416666667e-01
       180   -1.2410030102e+01    1.5411307457e+02   -2.1949460590e+01    9.5394304881e+00    1.7841703636e+01    1.3050037665e+01   -5.3585932352e+01    7.4473046044e-01    2.5600000000e+02    2.5656384602e-01    7.2095052083e-01
       181   -1.2424896684e+01    1.5456245569e+02   -2.1941292560e+01    9.5163958754e+00    1.8126877518e+01    1.3050037665e+01   -5.3966829934e+01    8.4862219166e-01    2.5600000000e+02    2.5594594143e-01    7.2210937500e-01
       182   -1.2415156833e+01    1.5452685926e+02   -2.1974641514e+01    9.5594846810e+00    1.8022840920e+01    1.3050037665e+01   -5.4343994152e+01    1.2964740534e+00    2.5600000000e+02    2.5690147653e-01    7.2613281250e-01
       183   -1.2458354021e+01    1.5543855653e+02   -2.1645731636e+01    9.1873776156e+00    1.8196350360e+01    1.3050037665e+01   -5.3901525534e+01    1.0094058730e+00    2.5600000000e+02    2.5706638210e-01    7.2430989583e-01
       184   -1.2361043119e+01    1.5334758068e+02   -2.1267028074e+01    8.9059849552e+00    1.8011068743e+01    1.3050037665e+01   -5.4017613722e+01    1.6894792404e+00    2.5600000000e+02    2.5560508668e-01    7.2358072917e-01
       185   -1.2435737756e+01    1.5476089335e+02   -2.1939339433e+01    9.5036016767e+00    1.8092324966e+01    1.3050037665e+01   -5.4457604388e+01    1.3759023252e+00    2.5600000000e+02    2.5604036450e-01    7.2361979167e-01
       186   -1.2423830587e+01    1.5452153253e+02   -2.1994895636e+01    9.5710650491e+00    1.7701843768e+01    1.3050037665e+01   -5.3407042506e+01    6.6026543643e-01    2.5600000000e+02    2.5536552537e-01    7.2462239583e-01
       187   -1.2457780683e+01    1.5531850394e+02   -2.2197068488e+01    9.7392878049e+00    1.7820698216e+01    1.3050037665e+01   -5.3637014361e+01    5.6920999235e-01    2.5600000000e+02    2.5584442820e-01    7.2565104167e-01
       188   -1.2419118525e+01    1.5438996431e+02   -2.2589012023e+01    1.0169893498e+01    1.7876151802e+01    1.3050037665e+01   -5.4177876578e+01    6.6267508812e-01    2.5600000000e+02    2.5702448003e-01    7.2549479167e-01
       189   -1.2456409742e+01    1.5534884105e+02   -2.2274640644e+01    9.8182309016e+00    1.7780445342e+01    1.3050037665e+01   -5.4210375366e+01    1.1052517148e+00    2.5600000000e+02    2.5558992010e-01    7.2417968750e-01
       190   -1.2435265536e+01    1.5477824246e+02   -2.1843132701e+01    9.4078671651e+00    1.7969298399e+01    1.3050037665e+01   -5.3876956506e+01    1.0144877408e+00    2.5600000000e+02    2.5603893306e-01    7.2217447917e-01
       191   -1.2431343068e+01    1.5466125321e+02   -2.1851261078e+01    9.4199180097e+00    1.7979793900e+01    1.3050037665e+01   -5.3817048307e+01    9.3595566507e-01    2.5600000000e+02    2.5442745909e-01    7.2411458333e-01
       192   -1.2470002929e+01    1.5576440388e+02   -2.2780380312e+01    1.0310377383e+01    1.7981877026e+01    1.3050037665e+01   -5.4378169817e+01    5.6587481431e-01    2.5600000000e+02    2.5557570998e-01    7.2338541667e-01
       193   -1.2400067370e+01    1.5387868347e+02   -2.2058101410e+01    9.6580340408e+00    1.8084210593e+01    1.3050037665e+01   -5.3893279716e+01    7.0093004807e-01    2.5600000000e+02    2.5686138775e-01    7.2162760417e-01
       194   -1.2443343345e+01    1.5503512170e+02   -2.2343063561e+01    9.8997202158e+00    1.8335128539e+01    1.3050037665e+01   -5.4890300675e+01    1.1620709098e+00    2.5600000000e+02    2.5694807433e-01    7.2625000000e-01
       195   -1.2421491793e+01    1.5440078729e+02   -2.2742976809e+01    1.0321485016e+01    1.8331097682e+01    1.3050037665e+01   -5.5265916307e+01    1.1418041516e+00    2.5600000000e+02    2.5770459510e-01    7.2442708333e-01
       196   -1.2401833603e+01    1.5405611322e+02   -2.2129675830e+01    9.7278422265e+00    1.8104402618e+01    1.3050037665e+01   -5.4409023258e+01    1.1249071451e+00    2.5600000000e+02    2.5689233653e-01    7.2341145833e-01
       197   -1.2446375218e+01    1.5505872272e+02   -2.2174653014e+01    9.7282777966e+00    1.7989718490e+01    1.3050037665e+01   -5.4256337687e+01    1.0419285174e+00    2.5600000000e+02    2.5619247369e-01    7.2144531250e-01
       198   -1.2418211958e+01    1.5429513637e+02   -2.2307976079e+01    9.8897641203e+00    1.8257913835e+01    1.3050037665e+01   -5.4630189690e+01    1.0142621120e+00    2.5600000000e+02    2.5695867371e-01    7.2291666667e-01
       199   -1.2401391808e+01    1.5402105390e+02   -2.2114873654e+01    9.7134818458e+00    1.8106262224e+01    1.3050037665e+01   -5.4295456997e+01    1.0242834542e+00    2.5600000000e+02    2.5545058213e-01    7.2485677083e-01
