#   index    LocalEnergy         LocalEnergy_sq      LocalPotential      Kinetic             ElecElec            IonIon              LocalECP            NonLocalECP         BlockWeight         BlockCPU            AcceptRatio         
         0   -2.2404842475e+00    5.0573924418e+00   -4.0635974782e+00    1.8231132307e+00    1.9689247127e+00    1.7953086932e+00   -8.0058209970e+00    1.7799011296e-01    1.0240000000e+04    1.2205782533e+00    7.0102539063e-01
         1   -2.2366196242e+00    5.0314031858e+00   -4.0397772451e+00    1.8031576210e+00    1.9594271190e+00    1.7953086932e+00   -7.9771915100e+00    1.8267845272e-01    1.0240000000e+04    1.2203105092e+00    6.9973144531e-01
         2   -2.2346367933e+00    5.0446934865e+00   -4.0549518563e+00    1.8203150631e+00    1.9610175970e+00    1.7953086932e+00   -7.9937356972e+00    1.8245755065e-01    1.0240000000e+04    1.2234266996e+00    6.9893798828e-01
         3   -2.2412692633e+00    5.0748754413e+00   -4.0983894844e+00    1.8571202211e+00    1.9576693220e+00    1.7953086932e+00   -8.0243208572e+00    1.7295335763e-01    1.0240000000e+04    1.2224219441e+00    6.9776611328e-01
         4   -2.2430629403e+00    5.0685451546e+00   -4.0900696476e+00    1.8470067074e+00    1.9524829817e+00    1.7953086932e+00   -8.0107635614e+00    1.7290223887e-01    1.0240000000e+04    1.2162876725e+00    6.9835205078e-01
         5   -2.2390606359e+00    5.0581292221e+00   -4.0635693225e+00    1.8245086866e+00    1.9582299086e+00    1.7953086932e+00   -8.0040244604e+00    1.8691653604e-01    1.0240000000e+04    1.2164757252e+00    6.9689941406e-01
         6   -2.2354293920e+00    5.0419513868e+00   -4.0413152569e+00    1.8058858650e+00    1.9721269193e+00    1.7953086932e+00   -7.9888748980e+00    1.8012402845e-01    1.0240000000e+04    1.2233247757e+00    6.9796142578e-01
         7   -2.2390106191e+00    5.0535475705e+00   -4.0639666625e+00    1.8249560434e+00    1.9644079636e+00    1.7953086932e+00   -7.9990740879e+00    1.7539076857e-01    1.0240000000e+04    1.2149415016e+00    6.9630126953e-01
         8   -2.2346055114e+00    5.0171586609e+00   -4.0639832806e+00    1.8293777691e+00    1.9375476534e+00    1.7953086932e+00   -7.9830290851e+00    1.8618945792e-01    1.0240000000e+04    1.2109134793e+00    7.0189208984e-01
         9   -2.2409138648e+00    5.0928154471e+00   -4.0987898422e+00    1.8578759774e+00    1.9538076963e+00    1.7953086932e+00   -8.0312742190e+00    1.8336798723e-01    1.0240000000e+04    1.2135322690e+00    6.9743652344e-01
        10   -2.2381355137e+00    5.0376520268e+00   -4.0027983928e+00    1.7646628791e+00    1.9500120346e+00    1.7953086932e+00   -7.9320790885e+00    1.8395996786e-01    1.0240000000e+04    1.2127442360e+00    7.0131835938e-01
        11   -2.2397642359e+00    5.0550394947e+00   -4.0499368380e+00    1.8101726021e+00    1.9545964502e+00    1.7953086932e+00   -7.9786443887e+00    1.7880240737e-01    1.0240000000e+04    1.2194979787e+00    6.9979248047e-01
        12   -2.2358691675e+00    5.0287461606e+00   -4.0362897008e+00    1.8004205332e+00    1.9573712937e+00    1.7953086932e+00   -7.9643450696e+00    1.7537538192e-01    1.0240000000e+04    1.2139050364e+00    6.9930419922e-01
        13   -2.2387505653e+00    5.0605379953e+00   -4.0496211780e+00    1.8108706126e+00    1.9562606104e+00    1.7953086932e+00   -7.9807850636e+00    1.7959458196e-01    1.0240000000e+04    1.2140702605e+00    6.9681396484e-01
        14   -2.2405824825e+00    5.0575938603e+00   -4.0416974718e+00    1.8011149893e+00    1.9500713920e+00    1.7953086932e+00   -7.9619298292e+00    1.7485227224e-01    1.0240000000e+04    1.2186600566e+00    7.0057373047e-01
        15   -2.2372381265e+00    5.0474224364e+00   -4.0538548607e+00    1.8166167342e+00    1.9509526987e+00    1.7953086932e+00   -7.9660875703e+00    1.6597131771e-01    1.0240000000e+04    1.2211219072e+00    6.9879150391e-01
        16   -2.2413303040e+00    5.0606690117e+00   -4.0179719037e+00    1.7766415997e+00    1.9569783375e+00    1.7953086932e+00   -7.9550738800e+00    1.8481494559e-01    1.0240000000e+04    1.2195087671e+00    7.0054931641e-01
        17   -2.2382328947e+00    5.0510373383e+00   -4.0079195934e+00    1.7696866987e+00    1.9543136029e+00    1.7953086932e+00   -7.9489618519e+00    1.9141996239e-01    1.0240000000e+04    1.2181219459e+00    6.9949951172e-01
        18   -2.2358386922e+00    5.0762809026e+00   -4.0476705445e+00    1.8118318523e+00    1.9641327339e+00    1.7953086932e+00   -7.9980630287e+00    1.9095105704e-01    1.0240000000e+04    1.2269809842e+00    7.0056152344e-01
        19   -2.2398561935e+00    5.0689576719e+00   -4.0349389316e+00    1.7950827380e+00    1.9440220886e+00    1.7953086932e+00   -7.9469584067e+00    1.7268869328e-01    1.0240000000e+04    1.2163640261e+00    6.9851074219e-01
        20   -2.2368372013e+00    5.0466466560e+00   -4.0611983170e+00    1.8243611158e+00    1.9650619137e+00    1.7953086932e+00   -8.0028890630e+00    1.8132013909e-01    1.0240000000e+04    1.2201957703e+00    6.9785156250e-01
        21   -2.2362540046e+00    5.0279511433e+00   -4.0531425171e+00    1.8168885125e+00    1.9577930943e+00    1.7953086932e+00   -7.9932105634e+00    1.8696625881e-01    1.0240000000e+04    1.2214007974e+00    6.9677734375e-01
        22   -2.2373465844e+00    5.0380960218e+00   -4.0601508169e+00    1.8228042325e+00    1.9630943302e+00    1.7953086932e+00   -8.0132274517e+00    1.9467361146e-01    1.0240000000e+04    1.2185119390e+00    6.9562988281e-01
        23   -2.2403008749e+00    5.0473330733e+00   -4.0435892464e+00    1.8032883716e+00    1.9522522901e+00    1.7953086932e+00   -7.9791743746e+00    1.8802414488e-01    1.0240000000e+04    1.2204327583e+00    6.9993896484e-01
        24   -2.2339061828e+00    5.0886928617e+00   -4.0190348016e+00    1.7851286188e+00    1.9573924898e+00    1.7953086932e+00   -7.9711306681e+00    1.9939468353e-01    1.0240000000e+04    1.2176851630e+00    6.9985351562e-01
        25   -2.2368592237e+00    5.0688522661e+00   -4.0375391196e+00    1.8006798959e+00    1.9598457181e+00    1.7953086932e+00   -7.9834095081e+00    1.9071597715e-01    1.0240000000e+04    1.2220113277e+00    7.0134277344e-01
        26   -2.2371049451e+00    5.0450255313e+00   -4.0354138999e+00    1.7983089548e+00    1.9557238492e+00    1.7953086932e+00   -7.9763423578e+00    1.8989591553e-01    1.0240000000e+04    1.2218874693e+00    7.0158691406e-01
        27   -2.2368685633e+00    5.0356929832e+00   -4.0174086661e+00    1.7805401028e+00    1.9564093276e+00    1.7953086932e+00   -7.9627415716e+00    1.9361488460e-01    1.0240000000e+04    1.2208694816e+00    6.9902343750e-01
        28   -2.2370914551e+00    5.0478235239e+00   -4.0521874904e+00    1.8150960352e+00    1.9712045105e+00    1.7953086932e+00   -8.0020145668e+00    1.8331387272e-01    1.0240000000e+04    1.2234139442e+00    6.9952392578e-01
        29   -2.2374187689e+00    5.0405260845e+00   -4.0249109886e+00    1.7874922197e+00    1.9531194015e+00    1.7953086932e+00   -7.9556686176e+00    1.8232953425e-01    1.0240000000e+04    1.2217497826e+00    7.0003662109e-01
        30   -2.2414373680e+00    5.0981166056e+00   -3.9990313644e+00    1.7575939964e+00    1.9512088850e+00    1.7953086932e+00   -7.9423392799e+00    1.9679033730e-01    1.0240000000e+04    1.2193479538e+00    6.9934082031e-01
        31   -2.2373714202e+00    5.0380297724e+00   -4.0369583077e+00    1.7995868875e+00    1.9722840783e+00    1.7953086932e+00   -8.0024916349e+00    1.9794055568e-01    1.0240000000e+04    1.2263680100e+00    6.9910888672e-01
        32   -2.2424521921e+00    5.0930710350e+00   -4.0699085837e+00    1.8274563915e+00    1.9603246298e+00    1.7953086932e+00   -8.0187348357e+00    1.9319292902e-01    1.0240000000e+04    1.2159907222e+00    6.9522705078e-01
        33   -2.2379274466e+00    5.0462118026e+00   -4.0589976271e+00    1.8210701805e+00    1.9637608269e+00    1.7953086932e+00   -8.0036332930e+00    1.8556614580e-01    1.0240000000e+04    1.2202327251e+00    6.9982910156e-01
        34   -2.2381461132e+00    5.0491401783e+00   -4.0394318608e+00    1.8012857476e+00    1.9546224271e+00    1.7953086932e+00   -7.9827862300e+00    1.9342324890e-01    1.0240000000e+04    1.2189723253e+00    6.9758300781e-01
        35   -2.2366896476e+00    5.0661256324e+00   -4.0845225680e+00    1.8478329204e+00    1.9441296363e+00    1.7953086932e+00   -7.9915815537e+00    1.6762065619e-01    1.0240000000e+04    1.2161357403e+00    6.9959716797e-01
        36   -2.2348648115e+00    5.0488105202e+00   -4.0587530907e+00    1.8238882792e+00    1.9601132309e+00    1.7953086932e+00   -8.0094582879e+00    1.9528327314e-01    1.0240000000e+04    1.2222032547e+00    6.9674072266e-01
        37   -2.2403562006e+00    5.0767466095e+00   -4.0363017565e+00    1.7959455559e+00    1.9619789886e+00    1.7953086932e+00   -7.9629463830e+00    1.6935694475e-01    1.0240000000e+04    1.2198064923e+00    6.9876708984e-01
        38   -2.2387817848e+00    5.0428122870e+00   -4.0147196506e+00    1.7759378658e+00    1.9596340711e+00    1.7953086932e+00   -7.9616326873e+00    1.9197027230e-01    1.0240000000e+04    1.2221999764e+00    6.9969482422e-01
        39   -2.2369104399e+00    5.0440980666e+00   -4.0226198822e+00    1.7857094424e+00    1.9563521134e+00    1.7953086932e+00   -7.9601070946e+00    1.8582640578e-01    1.0240000000e+04    1.2161507010e+00    6.9822998047e-01
        40   -2.2377559098e+00    5.0505534092e+00   -4.0057406532e+00    1.7679847434e+00    1.9625853262e+00    1.7953086932e+00   -7.9455344164e+00    1.8189974380e-01    1.0240000000e+04    1.2180369496e+00    6.9862060547e-01
        41   -2.2401178418e+00    5.0583866555e+00   -4.0295503464e+00    1.7894325046e+00    1.9430434107e+00    1.7953086932e+00   -7.9511493139e+00    1.8324686363e-01    1.0240000000e+04    1.2136127353e+00    7.0014648437e-01
        42   -2.2388274281e+00    5.0507850432e+00   -4.0491780053e+00    1.8103505772e+00    1.9638685020e+00    1.7953086932e+00   -8.0062586812e+00    1.9790348074e-01    1.0240000000e+04    1.2200827003e+00    7.0024414062e-01
        43   -2.2357196364e+00    5.0370538168e+00   -4.0710669133e+00    1.8353472770e+00    1.9579521365e+00    1.7953086932e+00   -8.0026511238e+00    1.7832338076e-01    1.0240000000e+04    1.2198227644e+00    6.9765625000e-01
        44   -2.2346287325e+00    5.0258521792e+00   -4.0561798588e+00    1.8215511262e+00    1.9561569954e+00    1.7953086932e+00   -7.9853596831e+00    1.7771413580e-01    1.0240000000e+04    1.2257637382e+00    6.9871826172e-01
        45   -2.2373302136e+00    5.0577707244e+00   -4.0934601477e+00    1.8561299341e+00    1.9559366055e+00    1.7953086932e+00   -8.0140194444e+00    1.6931399793e-01    1.0240000000e+04    1.2211927176e+00    6.9746093750e-01
        46   -2.2397548380e+00    5.0563875333e+00   -4.0798126423e+00    1.8400578043e+00    1.9488186378e+00    1.7953086932e+00   -8.0071004790e+00    1.8316050565e-01    1.0240000000e+04    1.2209472656e+00    6.9787597656e-01
        47   -2.2399950164e+00    5.0525506184e+00   -4.0461513442e+00    1.8061563278e+00    1.9467375302e+00    1.7953086932e+00   -7.9676739192e+00    1.7947635169e-01    1.0240000000e+04    1.2222880721e+00    6.9880371094e-01
        48   -2.2348552438e+00    5.0228421547e+00   -3.9798018306e+00    1.7449465868e+00    1.9507253873e+00    1.7953086932e+00   -7.9246770254e+00    1.9884111429e-01    1.0240000000e+04    1.2128625512e+00    7.0115966797e-01
        49   -2.2384812403e+00    5.0586102652e+00   -4.0500363000e+00    1.8115550597e+00    1.9579667761e+00    1.7953086932e+00   -7.9941577695e+00    1.9084600013e-01    1.0240000000e+04    1.2247684598e+00    7.0118408203e-01
        50   -2.2349780438e+00    5.0237947354e+00   -4.0077767630e+00    1.7727987192e+00    1.9540072898e+00    1.7953086932e+00   -7.9324668915e+00    1.7537414553e-01    1.0240000000e+04    1.2172317505e+00    7.0020751953e-01
        51   -2.2386787240e+00    5.0957459985e+00   -4.0534645062e+00    1.8147857821e+00    1.9506190342e+00    1.7953086932e+00   -7.9789048824e+00    1.7951264882e-01    1.0240000000e+04    1.2194050550e+00    6.9974365234e-01
        52   -2.2382341553e+00    5.0535162645e+00   -4.0506317753e+00    1.8123976200e+00    1.9452632229e+00    1.7953086932e+00   -7.9745341986e+00    1.8333050711e-01    1.0240000000e+04    1.2164519429e+00    7.0148925781e-01
        53   -2.2402491158e+00    5.0716274438e+00   -4.0772272542e+00    1.8369781384e+00    1.9549936617e+00    1.7953086932e+00   -8.0147932925e+00    1.8726368326e-01    1.0240000000e+04    1.2153024673e+00    6.9722900391e-01
        54   -2.2391026109e+00    5.0582332553e+00   -4.0078002106e+00    1.7686975997e+00    1.9556765822e+00    1.7953086932e+00   -7.9543893781e+00    1.9560389205e-01    1.0240000000e+04    1.2223010063e+00    6.9907226562e-01
        55   -2.2379749272e+00    5.0649799297e+00   -4.0767286693e+00    1.8387537422e+00    1.9582858983e+00    1.7953086932e+00   -8.0083547546e+00    1.7803149368e-01    1.0240000000e+04    1.2270531058e+00    6.9543457031e-01
        56   -2.2406864690e+00    5.0620523222e+00   -4.0526818169e+00    1.8119953479e+00    1.9669971397e+00    1.7953086932e+00   -7.9941912290e+00    1.7920357915e-01    1.0240000000e+04    1.2242434621e+00    6.9760742188e-01
        57   -2.2355242095e+00    5.0312096374e+00   -4.0848009595e+00    1.8492767499e+00    1.9562957398e+00    1.7953086932e+00   -8.0177361623e+00    1.8133076985e-01    1.0240000000e+04    1.2191697359e+00    6.9733886719e-01
        58   -2.2399676216e+00    5.0959660289e+00   -3.9988961592e+00    1.7589285375e+00    1.9495894281e+00    1.7953086932e+00   -7.9537373449e+00    2.0994306438e-01    1.0240000000e+04    1.2183105350e+00    6.9682617187e-01
        59   -2.2378359257e+00    5.0697287144e+00   -4.0585917490e+00    1.8207558232e+00    1.9593922629e+00    1.7953086932e+00   -7.9995194257e+00    1.8622672065e-01    1.0240000000e+04    1.2196635604e+00    6.9975585937e-01
        60   -2.2389043116e+00    5.0422912197e+00   -4.0081101473e+00    1.7692058357e+00    1.9481735576e+00    1.7953086932e+00   -7.9441383564e+00    1.9254595834e-01    1.0240000000e+04    1.2198074460e+00    7.0103759766e-01
        61   -2.2398679524e+00    5.0730132620e+00   -4.0109083584e+00    1.7710404060e+00    1.9411238024e+00    1.7953086932e+00   -7.9195744682e+00    1.7223361413e-01    1.0240000000e+04    1.2113562822e+00    7.0009765625e-01
        62   -2.2367602803e+00    5.0360505657e+00   -4.0087333843e+00    1.7719731040e+00    1.9549593054e+00    1.7953086932e+00   -7.9488588091e+00    1.8985742615e-01    1.0240000000e+04    1.2160867453e+00    7.0203857422e-01
        63   -2.2366967697e+00    5.0432140349e+00   -4.0434248894e+00    1.8067281197e+00    1.9550743185e+00    1.7953086932e+00   -7.9922604286e+00    1.9845252753e-01    1.0240000000e+04    1.2208226919e+00    6.9775390625e-01
        64   -2.2400345170e+00    5.0732055047e+00   -4.0433428804e+00    1.8033083633e+00    1.9566780600e+00    1.7953086932e+00   -7.9826118768e+00    1.8728224327e-01    1.0240000000e+04    1.2192367315e+00    7.0000000000e-01
        65   -2.2389130969e+00    5.0639540991e+00   -4.0771071411e+00    1.8381940442e+00    1.9522649472e+00    1.7953086932e+00   -8.0069441313e+00    1.8226334980e-01    1.0240000000e+04    1.2118660212e+00    6.9605712891e-01
        66   -2.2359275962e+00    5.0243512966e+00   -4.0897331420e+00    1.8538055457e+00    1.9614724076e+00    1.7953086932e+00   -8.0200506230e+00    1.7353638023e-01    1.0240000000e+04    1.2171339989e+00    6.9606933594e-01
        67   -2.2358560029e+00    5.0661390803e+00   -4.0277756799e+00    1.7919196771e+00    1.9559016405e+00    1.7953086932e+00   -7.9690229708e+00    1.9003695712e-01    1.0240000000e+04    1.2171990275e+00    6.9742431641e-01
        68   -2.2391591685e+00    5.0629868990e+00   -4.0015285065e+00    1.7623693380e+00    1.9507790741e+00    1.7953086932e+00   -7.9259114253e+00    1.7829515154e-01    1.0240000000e+04    1.2209237218e+00    7.0180664063e-01
        69   -2.2341790755e+00    5.0301632795e+00   -4.0411287381e+00    1.8069496626e+00    1.9591734289e+00    1.7953086932e+00   -7.9954221167e+00    1.9981125655e-01    1.0240000000e+04    1.2174434662e+00    7.0123291016e-01
        70   -2.2369666057e+00    5.0402838260e+00   -4.0792546186e+00    1.8422880129e+00    1.9535033877e+00    1.7953086932e+00   -8.0197918168e+00    1.9172511731e-01    1.0240000000e+04    1.2167787552e+00    6.9868164063e-01
        71   -2.2334382177e+00    5.0225768748e+00   -4.0289277917e+00    1.7954895739e+00    1.9458278241e+00    1.7953086932e+00   -7.9631986021e+00    1.9313429312e-01    1.0240000000e+04    1.2172888517e+00    6.9768066406e-01
        72   -2.2376059380e+00    5.0510749132e+00   -4.0889067293e+00    1.8513007914e+00    1.9619018437e+00    1.7953086932e+00   -8.0362472706e+00    1.9013000438e-01    1.0240000000e+04    1.2189015150e+00    6.9812011719e-01
        73   -2.2354585159e+00    5.0294030011e+00   -4.0566015085e+00    1.8211429926e+00    1.9644919382e+00    1.7953086932e+00   -7.9989932052e+00    1.8259106520e-01    1.0240000000e+04    1.2218540311e+00    6.9766845703e-01
        74   -2.2412070796e+00    5.0696983586e+00   -4.0171392023e+00    1.7759321227e+00    1.9583839176e+00    1.7953086932e+00   -7.9553426266e+00    1.8451081357e-01    1.0240000000e+04    1.2216224074e+00    7.0281982422e-01
        75   -2.2310794501e+00    5.0198454476e+00   -4.1293646761e+00    1.8982852260e+00    1.9627231004e+00    1.7953086932e+00   -8.0841049157e+00    1.9670844597e-01    1.0240000000e+04    1.2233803868e+00    6.9959716797e-01
        76   -2.2345742720e+00    5.0259746833e+00   -4.0879913195e+00    1.8534170475e+00    1.9648711462e+00    1.7953086932e+00   -8.0468580985e+00    1.9868693953e-01    1.0240000000e+04    1.2208856940e+00    6.9514160156e-01
        77   -2.2388811310e+00    5.0507692081e+00   -4.0910043947e+00    1.8521232637e+00    1.9690797766e+00    1.7953086932e+00   -8.0380062626e+00    1.8261339807e-01    1.0240000000e+04    1.2197791934e+00    6.9916992188e-01
        78   -2.2425835877e+00    5.0841733550e+00   -4.0772436524e+00    1.8346600647e+00    1.9490622954e+00    1.7953086932e+00   -7.9984337570e+00    1.7681911598e-01    1.0240000000e+04    1.2128652334e+00    7.0026855469e-01
        79   -2.2385110984e+00    5.0584734400e+00   -3.9950124920e+00    1.7565013935e+00    1.9476192555e+00    1.7953086932e+00   -7.9240622635e+00    1.8612182285e-01    1.0240000000e+04    1.2191732526e+00    6.9910888672e-01
        80   -2.2375613002e+00    5.0672670892e+00   -3.9910202233e+00    1.7534589231e+00    1.9500384689e+00    1.7953086932e+00   -7.9224503372e+00    1.8608295182e-01    1.0240000000e+04    1.2138919234e+00    7.0152587891e-01
        81   -2.2387600514e+00    5.0771796823e+00   -4.0725842770e+00    1.8338242256e+00    1.9598905755e+00    1.7953086932e+00   -8.0172572040e+00    1.8947365821e-01    1.0240000000e+04    1.2188090086e+00    6.9938964844e-01
        82   -2.2382988839e+00    5.0476552611e+00   -3.9876488887e+00    1.7493500047e+00    1.9482542317e+00    1.7953086932e+00   -7.9116034021e+00    1.8039158848e-01    1.0240000000e+04    1.2210420966e+00    7.0218505859e-01
        83   -2.2373104311e+00    5.0368505593e+00   -4.0355991021e+00    1.7982886711e+00    1.9618112410e+00    1.7953086932e+00   -7.9913828989e+00    1.9866386251e-01    1.0240000000e+04    1.2258100510e+00    7.0166015625e-01
        84   -2.2352064551e+00    5.0395092611e+00   -4.0038016796e+00    1.7685952245e+00    1.9544446196e+00    1.7953086932e+00   -7.9301760204e+00    1.7662102792e-01    1.0240000000e+04    1.2154754996e+00    7.0028076172e-01
        85   -2.2399549042e+00    5.0561818216e+00   -4.0657921004e+00    1.8258371962e+00    1.9658672312e+00    1.7953086932e+00   -8.0124608920e+00    1.8549286720e-01    1.0240000000e+04    1.2139772773e+00    6.9792480469e-01
        86   -2.2368852944e+00    5.0420003708e+00   -4.0369421746e+00    1.8000568802e+00    1.9626258260e+00    1.7953086932e+00   -7.9761444576e+00    1.8126776377e-01    1.0240000000e+04    1.2195929885e+00    6.9981689453e-01
        87   -2.2366341120e+00    5.0367816854e+00   -3.9965254760e+00    1.7598913640e+00    1.9586840087e+00    1.7953086932e+00   -7.9331200572e+00    1.8260187924e-01    1.0240000000e+04    1.2195169330e+00    6.9796142578e-01
        88   -2.2373757749e+00    5.0544211884e+00   -3.9613250893e+00    1.7239493144e+00    1.9640614402e+00    1.7953086932e+00   -7.9123216602e+00    1.9162643749e-01    1.0240000000e+04    1.2178470492e+00    7.0090332031e-01
        89   -2.2372555971e+00    5.0528072009e+00   -4.0961075899e+00    1.8588519928e+00    1.9581235203e+00    1.7953086932e+00   -7.9986815405e+00    1.4914173713e-01    1.0240000000e+04    1.2248154879e+00    6.9727783203e-01
        90   -2.2339719218e+00    5.0330001658e+00   -4.0509028225e+00    1.8169309008e+00    1.9532201510e+00    1.7953086932e+00   -7.9900044196e+00    1.9057275285e-01    1.0240000000e+04    1.2164383531e+00    7.0234375000e-01
        91   -2.2369705342e+00    5.0342635287e+00   -4.0480916744e+00    1.8111211402e+00    1.9609077967e+00    1.7953086932e+00   -7.9920755765e+00    1.8776741214e-01    1.0240000000e+04    1.2217038274e+00    6.9782714844e-01
        92   -2.2377052202e+00    5.0426321446e+00   -4.0109562774e+00    1.7732510572e+00    1.9543342869e+00    1.7953086932e+00   -7.9442747188e+00    1.8367546125e-01    1.0240000000e+04    1.2188476920e+00    7.0037841797e-01
        93   -2.2350404283e+00    5.0230476008e+00   -4.0834287609e+00    1.8483883326e+00    1.9554766741e+00    1.7953086932e+00   -8.0148986250e+00    1.8068449680e-01    1.0240000000e+04    1.2188339233e+00    7.0098876953e-01
        94   -2.2362844646e+00    5.0413183875e+00   -4.0230349397e+00    1.7867504751e+00    1.9523172563e+00    1.7953086932e+00   -7.9656285589e+00    1.9496766960e-01    1.0240000000e+04    1.2169330716e+00    6.9877929688e-01
        95   -2.2362122562e+00    5.0567307848e+00   -4.0739260747e+00    1.8377138185e+00    1.9401478869e+00    1.7953086932e+00   -7.9907219049e+00    1.8133925018e-01    1.0240000000e+04    1.2201194763e+00    6.9840087891e-01
        96   -2.2366949464e+00    5.0339701991e+00   -4.0885945873e+00    1.8518996409e+00    1.9517116072e+00    1.7953086932e+00   -8.0046732214e+00    1.6905833370e-01    1.0240000000e+04    1.2186790109e+00    6.9799804688e-01
        97   -2.2392242860e+00    5.0548552655e+00   -4.0711896096e+00    1.8319653235e+00    1.9723333397e+00    1.7953086932e+00   -8.0371907535e+00    1.9835911102e-01    1.0240000000e+04    1.2214275002e+00    6.9399414063e-01
        98   -2.2342347833e+00    5.0268101482e+00   -4.0559918383e+00    1.8217570549e+00    1.9557113719e+00    1.7953086932e+00   -7.9905026593e+00    1.8349075594e-01    1.0240000000e+04    1.2241082191e+00    6.9990234375e-01
        99   -2.2386435876e+00    5.0451659694e+00   -4.0009399748e+00    1.7622963872e+00    1.9582209201e+00    1.7953086932e+00   -7.9267370510e+00    1.7226746293e-01    1.0240000000e+04    1.2153804898e+00    6.9952392578e-01
