#   index    LocalEnergy         LocalEnergy_sq      LocalPotential      Kinetic             ElecElec            IonIon              LocalECP            NonLocalECP         BlockWeight         BlockCPU            AcceptRatio         
         0   -1.2402554128e+01    1.5421140762e+02   -2.1458582624e+01    9.0560284964e+00    1.7778610914e+01    1.3050036718e+01   -5.3433875770e+01    1.1466455149e+00    8.0000000000e+01    2.1568238735e-02    4.4125000000e-01
         1   -1.2456679415e+01    1.5534196447e+02   -2.2169103495e+01    9.7124240793e+00    1.8132111219e+01    1.3050036718e+01   -5.4692377111e+01    1.3411256795e+00    8.0000000000e+01    2.1748185158e-02    4.1250000000e-01
         2   -1.2402971501e+01    1.5430409692e+02   -2.2653968208e+01    1.0250996708e+01    1.8246613163e+01    1.3050036718e+01   -5.4296165995e+01    3.4554790529e-01    8.0000000000e+01    2.2014915943e-02    4.1187500000e-01
         3   -1.2372127362e+01    1.5346971356e+02   -2.2509106109e+01    1.0136978746e+01    1.7940029496e+01    1.3050036718e+01   -5.4223095046e+01    7.2392272380e-01    8.0000000000e+01    2.1021723747e-02    4.0812500000e-01
         4   -1.2446332364e+01    1.5506324905e+02   -2.1524053162e+01    9.0777207982e+00    1.7415651706e+01    1.3050036718e+01   -5.2497679351e+01    5.0793776503e-01    8.0000000000e+01    2.1025955677e-02    4.4125000000e-01
         5   -1.2370758912e+01    1.5325730560e+02   -2.1931495737e+01    9.5607368252e+00    1.7947519693e+01    1.3050036718e+01   -5.3489336936e+01    5.6028478826e-01    8.0000000000e+01    2.1505713463e-02    4.2375000000e-01
         6   -1.2398773551e+01    1.5391385633e+02   -2.0128816450e+01    7.7300428990e+00    1.7063141443e+01    1.3050036718e+01   -5.0838738460e+01    5.9674384943e-01    8.0000000000e+01    2.0609557629e-02    4.3500000000e-01
         7   -1.2471397200e+01    1.5584622163e+02   -2.1656881019e+01    9.1854838193e+00    1.8124646809e+01    1.3050036718e+01   -5.3597501686e+01    7.6593714051e-01    8.0000000000e+01    2.1721601486e-02    4.1187500000e-01
         8   -1.2548677403e+01    1.5765416912e+02   -2.1076953730e+01    8.5282763273e+00    1.7707077695e+01    1.3050036718e+01   -5.3176195658e+01    1.3421275150e+00    8.0000000000e+01    2.1036982536e-02    4.0562500000e-01
         9   -1.2355534297e+01    1.5296231823e+02   -2.2729216345e+01    1.0373682048e+01    1.7934383375e+01    1.3050036718e+01   -5.5075461203e+01    1.3618247654e+00    8.0000000000e+01    2.1244764328e-02    4.0875000000e-01
        10   -1.2437281332e+01    1.5509324487e+02   -2.2716210704e+01    1.0278929372e+01    1.7921392452e+01    1.3050036718e+01   -5.4404321311e+01    7.1668143612e-01    8.0000000000e+01    2.1017968655e-02    4.3437500000e-01
        11   -1.2502797322e+01    1.5647315698e+02   -2.1343142064e+01    8.8403447417e+00    1.8122536072e+01    1.3050036718e+01   -5.3145551986e+01    6.2983713209e-01    8.0000000000e+01    2.1267652512e-02    4.1375000000e-01
        12   -1.2485165644e+01    1.5605213079e+02   -2.1144843264e+01    8.6596776196e+00    1.7588318340e+01    1.3050036718e+01   -5.3202145447e+01    1.4189471253e+00    8.0000000000e+01    2.1022021770e-02    4.3437500000e-01
        13   -1.2385354355e+01    1.5359951695e+02   -2.1692808360e+01    9.3074540053e+00    1.8427781472e+01    1.3050036718e+01   -5.4168052111e+01    9.9742556116e-01    8.0000000000e+01    2.1816253662e-02    4.3750000000e-01
        14   -1.2463985877e+01    1.5559190143e+02   -2.2218068372e+01    9.7540824949e+00    1.7569980429e+01    1.3050036718e+01   -5.3168511137e+01    3.3042561698e-01    8.0000000000e+01    2.0933508873e-02    4.0187500000e-01
        15   -1.2375449591e+01    1.5344692519e+02   -2.0547756948e+01    8.1723073569e+00    1.8081844172e+01    1.3050036718e+01   -5.2248266240e+01    5.6862840204e-01    8.0000000000e+01    2.1016299725e-02    4.3687500000e-01
        16   -1.2414419469e+01    1.5432388779e+02   -2.3517566711e+01    1.1103147242e+01    1.8149884802e+01    1.3050036718e+01   -5.6298672667e+01    1.5811844361e+00    8.0000000000e+01    2.1193981171e-02    4.0312500000e-01
        17   -1.2443154192e+01    1.5501068157e+02   -2.1431352709e+01    8.9881985173e+00    1.7645487780e+01    1.3050036718e+01   -5.3239939510e+01    1.1130623033e+00    8.0000000000e+01    2.0931541920e-02    4.5312500000e-01
        18   -1.2462193083e+01    1.5563425742e+02   -2.2708907181e+01    1.0246714098e+01    1.8662846006e+01    1.3050036718e+01   -5.5316606190e+01    8.9481628627e-01    8.0000000000e+01    2.2096276283e-02    4.2312500000e-01
        19   -1.2377031581e+01    1.5336929461e+02   -2.1185420508e+01    8.8083889265e+00    1.7832789675e+01    1.3050036718e+01   -5.3088119470e+01    1.0198725693e+00    8.0000000000e+01    2.0863771439e-02    4.3375000000e-01
        20   -1.2495550338e+01    1.5656259879e+02   -2.2096864353e+01    9.6013140149e+00    1.8209929765e+01    1.3050036718e+01   -5.4136736887e+01    7.7990605120e-01    8.0000000000e+01    2.1127462387e-02    4.1500000000e-01
        21   -1.2403967143e+01    1.5399470723e+02   -2.1808534672e+01    9.4045675288e+00    1.7770093180e+01    1.3050036718e+01   -5.3615851940e+01    9.8718737024e-01    8.0000000000e+01    2.0449399948e-02    4.1250000000e-01
        22   -1.2356048866e+01    1.5296695300e+02   -2.1661265371e+01    9.3052165047e+00    1.8015871544e+01    1.3050036718e+01   -5.3990868419e+01    1.2636947865e+00    8.0000000000e+01    2.0832836628e-02    4.5000000000e-01
        23   -1.2394550979e+01    1.5394230729e+02   -2.3260897177e+01    1.0866346198e+01    1.7666818185e+01    1.3050036718e+01   -5.3995792558e+01    1.8040477942e-02    8.0000000000e+01    2.0892679691e-02    4.4437500000e-01
        24   -1.2357647704e+01    1.5291800486e+02   -2.0931790973e+01    8.5741432686e+00    1.7444650872e+01    1.3050036718e+01   -5.2263787820e+01    8.3730925739e-01    8.0000000000e+01    2.0567357540e-02    4.0375000000e-01
        25   -1.2412741980e+01    1.5439330881e+02   -2.2239598771e+01    9.8268567908e+00    1.8297103402e+01    1.3050036718e+01   -5.4423503272e+01    8.3676438051e-01    8.0000000000e+01    2.1433472633e-02    4.2562500000e-01
        26   -1.2412531101e+01    1.5435733236e+02   -2.1529400024e+01    9.1168689224e+00    1.8327976207e+01    1.3050036718e+01   -5.3643213986e+01    7.3580103749e-01    8.0000000000e+01    2.2085785866e-02    4.3187500000e-01
        27   -1.2503272855e+01    1.5658097732e+02   -2.3672456394e+01    1.1169183539e+01    1.7690870489e+01    1.3050036718e+01   -5.4909724797e+01    4.9636119599e-01    8.0000000000e+01    2.1350264549e-02    4.3437500000e-01
        28   -1.2317846273e+01    1.5193830794e+02   -2.3712303785e+01    1.1394457512e+01    1.8526743236e+01    1.3050036718e+01   -5.6731889226e+01    1.4428054868e+00    8.0000000000e+01    2.1649956703e-02    4.1687500000e-01
        29   -1.2434059321e+01    1.5475004779e+02   -2.1983099561e+01    9.5490402398e+00    1.7262316829e+01    1.3050036718e+01   -5.3115603793e+01    8.2015068537e-01    8.0000000000e+01    2.0676791668e-02    4.3437500000e-01
        30   -1.2421097987e+01    1.5449546765e+02   -2.1139255394e+01    8.7181574071e+00    1.7637962964e+01    1.3050036718e+01   -5.3124862897e+01    1.2976078204e+00    8.0000000000e+01    2.1432518959e-02    4.2437500000e-01
        31   -1.2378675437e+01    1.5340725916e+02   -2.1792738897e+01    9.4140634600e+00    1.7941053745e+01    1.3050036718e+01   -5.3708324935e+01    9.2449557390e-01    8.0000000000e+01    2.1300196648e-02    4.3375000000e-01
        32   -1.2338668614e+01    1.5268588076e+02   -2.1461708119e+01    9.1230395045e+00    1.7690420755e+01    1.3050036718e+01   -5.3976908538e+01    1.7747429466e+00    8.0000000000e+01    2.1549701691e-02    4.2625000000e-01
        33   -1.2439984382e+01    1.5501989951e+02   -2.0914334845e+01    8.4743504623e+00    1.7881725403e+01    1.3050036718e+01   -5.2948354518e+01    1.1022575524e+00    8.0000000000e+01    2.1021485329e-02    4.5625000000e-01
        34   -1.2262687948e+01    1.5062480233e+02   -2.1321711743e+01    9.0590237950e+00    1.7751019700e+01    1.3050036718e+01   -5.3731361898e+01    1.6085937366e+00    8.0000000000e+01    2.0832538605e-02    4.1062500000e-01
        35   -1.2480574047e+01    1.5611070872e+02   -2.2485182125e+01    1.0004608078e+01    1.7855773786e+01    1.3050036718e+01   -5.4007033028e+01    6.1604039977e-01    8.0000000000e+01    2.1001994610e-02    4.3812500000e-01
        36   -1.2429944335e+01    1.5481200738e+02   -2.3428798412e+01    1.0998854077e+01    1.8155963275e+01    1.3050036718e+01   -5.5572072571e+01    9.3727416719e-01    8.0000000000e+01    2.1625161171e-02    4.2062500000e-01
        37   -1.2542683152e+01    1.5764376330e+02   -2.2009006359e+01    9.4663232067e+00    1.7807689579e+01    1.3050036718e+01   -5.4572132998e+01    1.7054003421e+00    8.0000000000e+01    2.1270573139e-02    4.1875000000e-01
        38   -1.2527970129e+01    1.5713920772e+02   -2.1171545904e+01    8.6435757743e+00    1.7943247503e+01    1.3050036718e+01   -5.2811136304e+01    6.4630617993e-01    8.0000000000e+01    2.0956754684e-02    4.3437500000e-01
        39   -1.2415908886e+01    1.5465125248e+02   -2.2632668731e+01    1.0216759845e+01    1.7468762551e+01    1.3050036718e+01   -5.3834060059e+01    6.8259205861e-01    8.0000000000e+01    2.0835816860e-02    4.3187500000e-01
        40   -1.2462010453e+01    1.5543552373e+02   -2.1789322328e+01    9.3273118749e+00    1.8126907239e+01    1.3050036718e+01   -5.3834417705e+01    8.6815141973e-01    8.0000000000e+01    2.1692037582e-02    3.9937500000e-01
        41   -1.2509706405e+01    1.5697800035e+02   -2.1999594667e+01    9.4898882618e+00    1.7861057365e+01    1.3050036718e+01   -5.3544210677e+01    6.3352192749e-01    8.0000000000e+01    2.0743548870e-02    4.3937500000e-01
        42   -1.2452366791e+01    1.5524587370e+02   -2.1649260162e+01    9.1968933710e+00    1.7919425905e+01    1.3050036718e+01   -5.3349462395e+01    7.3073961006e-01    8.0000000000e+01    2.1699786186e-02    4.2062500000e-01
        43   -1.2544762454e+01    1.5763682536e+02   -2.2350813823e+01    9.8060513695e+00    1.8115658293e+01    1.3050036718e+01   -5.4288694499e+01    7.7218566423e-01    8.0000000000e+01    2.1975398064e-02    4.1812500000e-01
        44   -1.2443457005e+01    1.5534120987e+02   -2.1364794211e+01    8.9213372061e+00    1.7922942114e+01    1.3050036718e+01   -5.3089488327e+01    7.5171528383e-01    8.0000000000e+01    2.1490097046e-02    4.1812500000e-01
        45   -1.2473048435e+01    1.5595042796e+02   -2.2005380186e+01    9.5323317510e+00    1.7871007235e+01    1.3050036718e+01   -5.4657181334e+01    1.7307571943e+00    8.0000000000e+01    2.1095216274e-02    4.4625000000e-01
        46   -1.2545427447e+01    1.5771257397e+02   -2.1831523418e+01    9.2860959707e+00    1.9104643642e+01    1.3050036718e+01   -5.5421728176e+01    1.4355243980e+00    8.0000000000e+01    2.1779835224e-02    3.9687500000e-01
        47   -1.2305800918e+01    1.5156666792e+02   -2.1297028323e+01    8.9912274047e+00    1.7549456133e+01    1.3050036718e+01   -5.2893137406e+01    9.9661623270e-01    8.0000000000e+01    2.0588517189e-02    4.2687500000e-01
        48   -1.2480715953e+01    1.5596038799e+02   -2.1018938332e+01    8.5382223786e+00    1.7325043541e+01    1.3050036718e+01   -5.2174561106e+01    7.8054251476e-01    8.0000000000e+01    2.0713984966e-02    4.3437500000e-01
        49   -1.2432841389e+01    1.5477337348e+02   -2.0366608675e+01    7.9337672863e+00    1.7582883775e+01    1.3050036718e+01   -5.1831564007e+01    8.3203483848e-01    8.0000000000e+01    2.0969033241e-02    4.2250000000e-01
        50   -1.2525432435e+01    1.5711081234e+02   -2.2012216188e+01    9.4867837531e+00    1.7888094696e+01    1.3050036718e+01   -5.4465565060e+01    1.5152174582e+00    8.0000000000e+01    2.1503508091e-02    4.2937500000e-01
        51   -1.2373716031e+01    1.5336631389e+02   -2.1763448738e+01    9.3897327074e+00    1.7547106509e+01    1.3050036718e+01   -5.3446744878e+01    1.0861529136e+00    8.0000000000e+01    2.0976364613e-02    4.3500000000e-01
        52   -1.2362220049e+01    1.5312139547e+02   -2.2328152346e+01    9.9659322971e+00    1.8006173991e+01    1.3050036718e+01   -5.4527295171e+01    1.1429321154e+00    8.0000000000e+01    2.1299958229e-02    4.1062500000e-01
        53   -1.2505693099e+01    1.5671474498e+02   -2.1908751447e+01    9.4030583473e+00    1.7738500138e+01    1.3050036718e+01   -5.3489458867e+01    7.9217056381e-01    8.0000000000e+01    2.0856857300e-02    4.3437500000e-01
        54   -1.2410859781e+01    1.5423100196e+02   -2.1275287645e+01    8.8644278642e+00    1.7433074402e+01    1.3050036718e+01   -5.3136395908e+01    1.3779971426e+00    8.0000000000e+01    2.1282494068e-02    4.3250000000e-01
        55   -1.2371179884e+01    1.5325571312e+02   -2.2010151916e+01    9.6389720320e+00    1.7999621686e+01    1.3050036718e+01   -5.3354499591e+01    2.9468927066e-01    8.0000000000e+01    2.1257758141e-02    4.0625000000e-01
        56   -1.2386121886e+01    1.5368687171e+02   -2.1379742853e+01    8.9936209672e+00    1.7660542586e+01    1.3050036718e+01   -5.2572696338e+01    4.8237418199e-01    8.0000000000e+01    2.0651519299e-02    4.3875000000e-01
        57   -1.2329792074e+01    1.5221380159e+02   -2.2566463152e+01    1.0236671078e+01    1.8009966438e+01    1.3050036718e+01   -5.4894541306e+01    1.2680749975e+00    8.0000000000e+01    2.1101295948e-02    4.1187500000e-01
        58   -1.2480487072e+01    1.5601722478e+02   -2.2201126456e+01    9.7206393844e+00    1.8494173462e+01    1.3050036718e+01   -5.5241677777e+01    1.4963411413e+00    8.0000000000e+01    2.1613478661e-02    4.2375000000e-01
        59   -1.2342835912e+01    1.5259619277e+02   -2.2635147252e+01    1.0292311340e+01    1.8298915309e+01    1.3050036718e+01   -5.4875851537e+01    8.9175225799e-01    8.0000000000e+01    2.1491944790e-02    4.0062500000e-01
        60   -1.2327590959e+01    1.5224955386e+02   -2.2130906512e+01    9.8033155533e+00    1.8429651107e+01    1.3050036718e+01   -5.4748081521e+01    1.1374871838e+00    8.0000000000e+01    2.1631002426e-02    4.1937500000e-01
        61   -1.2399801022e+01    1.5415524738e+02   -2.1986303499e+01    9.5865024765e+00    1.8017018049e+01    1.3050036718e+01   -5.3780096506e+01    7.2673824005e-01    8.0000000000e+01    2.1470963955e-02    4.2812500000e-01
        62   -1.2459574359e+01    1.5561733141e+02   -2.1869770191e+01    9.4101958321e+00    1.8084930314e+01    1.3050036718e+01   -5.4387319438e+01    1.3825822147e+00    8.0000000000e+01    2.1813094616e-02    4.3375000000e-01
        63   -1.2455580690e+01    1.5554513246e+02   -2.1632479042e+01    9.1768983528e+00    1.8423938460e+01    1.3050036718e+01   -5.4616768234e+01    1.5103140141e+00    8.0000000000e+01    2.1861255169e-02    4.1750000000e-01
        64   -1.2461806840e+01    1.5555061352e+02   -2.3663033123e+01    1.1201226282e+01    1.8488159708e+01    1.3050036718e+01   -5.7155872313e+01    1.9546427647e+00    8.0000000000e+01    2.1735608578e-02    4.0375000000e-01
        65   -1.2359551128e+01    1.5290241206e+02   -2.1036221064e+01    8.6766699363e+00    1.7665887616e+01    1.3050036718e+01   -5.2475527756e+01    7.2338235765e-01    8.0000000000e+01    2.1347701550e-02    4.1125000000e-01
        66   -1.2389527117e+01    1.5408528797e+02   -2.1340361769e+01    8.9508346517e+00    1.7165571067e+01    1.3050036718e+01   -5.2810251324e+01    1.2542817699e+00    8.0000000000e+01    2.1071493626e-02    4.5437500000e-01
        67   -1.2354620173e+01    1.5294796989e+02   -2.2490018102e+01    1.0135397928e+01    1.8320692327e+01    1.3050036718e+01   -5.5556790934e+01    1.6960437868e+00    8.0000000000e+01    2.1625041962e-02    4.4937500000e-01
        68   -1.2491918840e+01    1.5626567965e+02   -2.1287886081e+01    8.7959672411e+00    1.7901085454e+01    1.3050036718e+01   -5.3200280897e+01    9.6127264443e-01    8.0000000000e+01    2.1277010441e-02    4.3250000000e-01
        69   -1.2489859091e+01    1.5623758001e+02   -2.3109993203e+01    1.0620134112e+01    1.8214832664e+01    1.3050036718e+01   -5.5207635156e+01    8.3277257149e-01    8.0000000000e+01    2.1497249603e-02    4.2375000000e-01
        70   -1.2448692743e+01    1.5513227448e+02   -2.1308865117e+01    8.8601723739e+00    1.7630558978e+01    1.3050036718e+01   -5.3096003767e+01    1.1065429537e+00    8.0000000000e+01    2.1149814129e-02    4.5187500000e-01
        71   -1.2453522495e+01    1.5534968219e+02   -2.2116924526e+01    9.6634020304e+00    1.7720602168e+01    1.3050036718e+01   -5.3931281512e+01    1.0437181010e+00    8.0000000000e+01    2.1743953228e-02    4.2312500000e-01
        72   -1.2396221152e+01    1.5382987875e+02   -2.1798602275e+01    9.4023811231e+00    1.7910433933e+01    1.3050036718e+01   -5.3247560557e+01    4.8848763128e-01    8.0000000000e+01    2.1066069603e-02    4.0562500000e-01
        73   -1.2290921859e+01    1.5135027469e+02   -2.0824955794e+01    8.5340339350e+00    1.7353017650e+01    1.3050036718e+01   -5.2589702500e+01    1.3616923377e+00    8.0000000000e+01    2.0681500435e-02    4.6125000000e-01
        74   -1.2490082328e+01    1.5621495495e+02   -2.1799989587e+01    9.3099072585e+00    1.7986774056e+01    1.3050036718e+01   -5.3510863891e+01    6.7406352992e-01    8.0000000000e+01    2.0876407623e-02    4.2312500000e-01
        75   -1.2271223611e+01    1.5087342474e+02   -2.2508470948e+01    1.0237247337e+01    1.7862855151e+01    1.3050036718e+01   -5.4407358314e+01    9.8599549743e-01    8.0000000000e+01    2.1814942360e-02    4.4500000000e-01
        76   -1.2314651700e+01    1.5178815258e+02   -2.1237154984e+01    8.9225032833e+00    1.8277757367e+01    1.3050036718e+01   -5.3452870607e+01    8.8792153845e-01    8.0000000000e+01    2.1799206734e-02    4.2812500000e-01
        77   -1.2283078755e+01    1.5105264584e+02   -2.1216291330e+01    8.9332125756e+00    1.7768608957e+01    1.3050036718e+01   -5.2851948266e+01    8.1701126066e-01    8.0000000000e+01    2.0637989044e-02    4.1000000000e-01
        78   -1.2396137104e+01    1.5387286458e+02   -2.1832666190e+01    9.4365290858e+00    1.8308197204e+01    1.3050036718e+01   -5.4014138484e+01    8.2323837226e-01    8.0000000000e+01    2.1572828293e-02    4.1750000000e-01
        79   -1.2408828866e+01    1.5414165287e+02   -2.1951458648e+01    9.5426297825e+00    1.7826385065e+01    1.3050036718e+01   -5.3341698482e+01    5.1381805166e-01    8.0000000000e+01    2.1345019341e-02    4.4000000000e-01
        80   -1.2501031980e+01    1.5678403280e+02   -2.2676015028e+01    1.0174983048e+01    1.8004048287e+01    1.3050036718e+01   -5.4437812865e+01    7.0771283265e-01    8.0000000000e+01    2.1450042725e-02    4.2000000000e-01
        81   -1.2424898274e+01    1.5461336134e+02   -2.1704264285e+01    9.2793660114e+00    1.8050156144e+01    1.3050036718e+01   -5.3952918992e+01    1.1484618453e+00    8.0000000000e+01    2.1521627903e-02    4.3187500000e-01
        82   -1.2485382348e+01    1.5637780310e+02   -2.2865520048e+01    1.0380137700e+01    1.8143860243e+01    1.3050036718e+01   -5.4441784895e+01    3.8236788636e-01    8.0000000000e+01    2.1374285221e-02    4.1750000000e-01
        83   -1.2479121236e+01    1.5600806844e+02   -2.1589727167e+01    9.1106059317e+00    1.7919096717e+01    1.3050036718e+01   -5.3579880280e+01    1.0210196783e+00    8.0000000000e+01    2.0876228809e-02    4.0437500000e-01
        84   -1.2341482456e+01    1.5261467394e+02   -2.1701020846e+01    9.3595383902e+00    1.7862954580e+01    1.3050036718e+01   -5.4323291490e+01    1.7092793467e+00    8.0000000000e+01    2.0906269550e-02    4.3812500000e-01
        85   -1.2376793159e+01    1.5334681384e+02   -2.2026391170e+01    9.6495980117e+00    1.7374445399e+01    1.3050036718e+01   -5.4211735755e+01    1.7608624672e+00    8.0000000000e+01    2.0607471466e-02    4.0500000000e-01
        86   -1.2398334370e+01    1.5388450042e+02   -2.0795538838e+01    8.3972044683e+00    1.7265965616e+01    1.3050036718e+01   -5.1907472031e+01    7.9593085872e-01    8.0000000000e+01    2.1024703979e-02    4.5625000000e-01
        87   -1.2333185954e+01    1.5237437320e+02   -2.1622976238e+01    9.2897902833e+00    1.7541025506e+01    1.3050036718e+01   -5.3302874035e+01    1.0888355736e+00    8.0000000000e+01    2.1118640900e-02    4.4562500000e-01
        88   -1.2455427739e+01    1.5531893619e+02   -2.0598998108e+01    8.1435703688e+00    1.7780753811e+01    1.3050036718e+01   -5.2257872442e+01    8.2808380563e-01    8.0000000000e+01    2.1114468575e-02    4.3500000000e-01
        89   -1.2363974278e+01    1.5307665492e+02   -2.0940228453e+01    8.5762541742e+00    1.7748148176e+01    1.3050036718e+01   -5.2484352816e+01    7.4593946965e-01    8.0000000000e+01    2.0858228207e-02    4.3000000000e-01
        90   -1.2415825193e+01    1.5434010355e+02   -2.2278440792e+01    9.8626155983e+00    1.8142291281e+01    1.3050036718e+01   -5.4921618814e+01    1.4508500236e+00    8.0000000000e+01    2.1137237549e-02    4.2687500000e-01
        91   -1.2413112374e+01    1.5430200814e+02   -2.1520613590e+01    9.1075012161e+00    1.7644924734e+01    1.3050036718e+01   -5.2812010494e+01    5.9643545174e-01    8.0000000000e+01    2.0918726921e-02    4.4750000000e-01
        92   -1.2359571583e+01    1.5303273573e+02   -2.1216478233e+01    8.8569066500e+00    1.8398359196e+01    1.3050036718e+01   -5.4068707357e+01    1.4038332098e+00    8.0000000000e+01    2.1283745766e-02    4.1500000000e-01
        93   -1.2476888279e+01    1.5584444603e+02   -2.1122967311e+01    8.6460790322e+00    1.7532445145e+01    1.3050036718e+01   -5.1940056452e+01    2.3460727776e-01    8.0000000000e+01    2.0712256432e-02    4.1250000000e-01
        94   -1.2561650564e+01    1.5796719513e+02   -2.0522130683e+01    7.9604801183e+00    1.7291020035e+01    1.3050036718e+01   -5.1704218548e+01    8.4103111286e-01    8.0000000000e+01    2.0565748215e-02    4.2062500000e-01
        95   -1.2478937145e+01    1.5598003005e+02   -2.0967725865e+01    8.4887887199e+00    1.7914115485e+01    1.3050036718e+01   -5.3854275268e+01    1.9223971997e+00    8.0000000000e+01    2.1132051945e-02    4.2687500000e-01
        96   -1.2472545933e+01    1.5575761474e+02   -2.2077101581e+01    9.6045556483e+00    1.8761591951e+01    1.3050036718e+01   -5.4944471990e+01    1.0557417407e+00    8.0000000000e+01    2.2241532803e-02    3.9937500000e-01
        97   -1.2521225277e+01    1.5692909104e+02   -2.0824470041e+01    8.3032447643e+00    1.7853625256e+01    1.3050036718e+01   -5.2583326802e+01    8.5519478696e-01    8.0000000000e+01    2.1074712276e-02    4.0687500000e-01
        98   -1.2416962756e+01    1.5458514522e+02   -2.1738284960e+01    9.3213222047e+00    1.7863920382e+01    1.3050036718e+01   -5.3703826639e+01    1.0515845788e+00    8.0000000000e+01    2.1193742752e-02    4.3000000000e-01
        99   -1.2504305232e+01    1.5660744202e+02   -2.1540710965e+01    9.0364057335e+00    1.8315209341e+01    1.3050036718e+01   -5.3669896456e+01    7.6393943189e-01    8.0000000000e+01    2.1530449390e-02    4.2562500000e-01
