#   index    LocalEnergy         LocalEnergy_sq      LocalPotential      Kinetic             ElecElec            IonIon              LocalECP            NonLocalECP         BlockWeight         BlockCPU            AcceptRatio         
         0   -1.2451657602e+01    1.5517683103e+02   -2.2063871545e+01    9.6122139427e+00    1.8357154381e+01    1.3050036718e+01   -5.4277713574e+01    8.0665093080e-01    8.0000000000e+01    2.1475732327e-02    4.2312500000e-01
         1   -1.2532379929e+01    1.5758743294e+02   -2.2132143348e+01    9.5997634184e+00    1.8079398466e+01    1.3050036718e+01   -5.4362029166e+01    1.1004506336e+00    8.0000000000e+01    2.1307289600e-02    4.1812500000e-01
         2   -1.2477023928e+01    1.5610160282e+02   -2.2839590135e+01    1.0362566207e+01    1.8512099948e+01    1.3050036718e+01   -5.5931386720e+01    1.5296599189e+00    8.0000000000e+01    2.1517217159e-02    4.2000000000e-01
         3   -1.2383565892e+01    1.5358153630e+02   -2.2563687037e+01    1.0180121146e+01    1.8096603962e+01    1.3050036718e+01   -5.5021534589e+01    1.3112068714e+00    8.0000000000e+01    2.1396517754e-02    4.2312500000e-01
         4   -1.2534287037e+01    1.5722054890e+02   -2.2036053765e+01    9.5017667282e+00    1.7696644954e+01    1.3050036718e+01   -5.4041103478e+01    1.2583680411e+00    8.0000000000e+01    2.1176338196e-02    4.0875000000e-01
         5   -1.2465650748e+01    1.5553220791e+02   -2.2139215294e+01    9.6735645467e+00    1.8352373759e+01    1.3050036718e+01   -5.4686705529e+01    1.1450797580e+00    8.0000000000e+01    2.1602690220e-02    4.2500000000e-01
         6   -1.2414225017e+01    1.5425331040e+02   -2.2865809371e+01    1.0451584355e+01    1.8965947014e+01    1.3050036718e+01   -5.5576842652e+01    6.9504954901e-01    8.0000000000e+01    2.1501541138e-02    4.1687500000e-01
         7   -1.2402612608e+01    1.5399921491e+02   -2.1514925098e+01    9.1123124901e+00    1.8159554232e+01    1.3050036718e+01   -5.3506217635e+01    7.8170158682e-01    8.0000000000e+01    2.1821320057e-02    4.3687500000e-01
         8   -1.2446044375e+01    1.5503923467e+02   -2.1999516938e+01    9.5534725633e+00    1.7955314104e+01    1.3050036718e+01   -5.3428194270e+01    4.2332651008e-01    8.0000000000e+01    2.1366417408e-02    4.2437500000e-01
         9   -1.2402139712e+01    1.5398580611e+02   -2.2007923913e+01    9.6057842011e+00    1.8499352296e+01    1.3050036718e+01   -5.5344913765e+01    1.7876008381e+00    8.0000000000e+01    2.1402001381e-02    4.2187500000e-01
        10   -1.2343245868e+01    1.5249433855e+02   -2.2161532399e+01    9.8182865315e+00    1.8020573184e+01    1.3050036718e+01   -5.4674738034e+01    1.4425957332e+00    8.0000000000e+01    2.0782291889e-02    4.2500000000e-01
        11   -1.2486536232e+01    1.5652658449e+02   -1.9367684235e+01    6.8811480029e+00    1.8074723802e+01    1.3050036718e+01   -5.2988560626e+01    2.4961158715e+00    8.0000000000e+01    2.1077156067e-02    4.1937500000e-01
        12   -1.2402772690e+01    1.5397122292e+02   -2.2325895769e+01    9.9231230792e+00    1.7883340875e+01    1.3050036718e+01   -5.3990911737e+01    7.3163837409e-01    8.0000000000e+01    2.0855665207e-02    4.3312500000e-01
        13   -1.2405254798e+01    1.5407704307e+02   -2.2069915452e+01    9.6646606543e+00    1.7616686986e+01    1.3050036718e+01   -5.3959529297e+01    1.2228901413e+00    8.0000000000e+01    2.0969450474e-02    4.5375000000e-01
        14   -1.2433769511e+01    1.5476990140e+02   -2.1184275809e+01    8.7505062976e+00    1.7680142191e+01    1.3050036718e+01   -5.2692405847e+01    7.7795112892e-01    8.0000000000e+01    2.1088540554e-02    4.3750000000e-01
        15   -1.2462364528e+01    1.5540532810e+02   -2.0173968991e+01    7.7116044633e+00    1.7643701707e+01    1.3050036718e+01   -5.1888063654e+01    1.0203562368e+00    8.0000000000e+01    2.0797252655e-02    4.3875000000e-01
        16   -1.2318379498e+01    1.5189606290e+02   -2.2358348963e+01    1.0039969465e+01    1.8274338269e+01    1.3050036718e+01   -5.5824257933e+01    2.1415339829e+00    8.0000000000e+01    2.1744251251e-02    4.1312500000e-01
        17   -1.2377565903e+01    1.5342720615e+02   -2.1968577314e+01    9.5910114114e+00    1.8307935315e+01    1.3050036718e+01   -5.5930042318e+01    2.6034929714e+00    8.0000000000e+01    2.1748542786e-02    4.5437500000e-01
        18   -1.2479158373e+01    1.5597813302e+02   -2.1187003482e+01    8.7078451084e+00    1.7481877112e+01    1.3050036718e+01   -5.2061841700e+01    3.4292438775e-01    8.0000000000e+01    2.0870566368e-02    4.4312500000e-01
        19   -1.2434621865e+01    1.5475336745e+02   -2.2008594636e+01    9.5739727709e+00    1.8507331931e+01    1.3050036718e+01   -5.4338749402e+01    7.7278611704e-01    8.0000000000e+01    2.1488249302e-02    4.4750000000e-01
        20   -1.2414823008e+01    1.5432763662e+02   -2.1404589561e+01    8.9897665530e+00    1.7659093359e+01    1.3050036718e+01   -5.2796636861e+01    6.8291722360e-01    8.0000000000e+01    2.1098196507e-02    4.2875000000e-01
        21   -1.2321406600e+01    1.5218834978e+02   -2.4207567132e+01    1.1886160532e+01    1.8795829461e+01    1.3050036718e+01   -5.6530586824e+01    4.7715351360e-01    8.0000000000e+01    2.1642565727e-02    3.9187500000e-01
        22   -1.2474295746e+01    1.5576311235e+02   -2.1118021990e+01    8.6437262447e+00    1.7774675105e+01    1.3050036718e+01   -5.3315544276e+01    1.3728104621e+00    8.0000000000e+01    2.1011233330e-02    4.4125000000e-01
        23   -1.2350020771e+01    1.5270005402e+02   -2.2369221167e+01    1.0019200396e+01    1.8273071986e+01    1.3050036718e+01   -5.4915860482e+01    1.2235306106e+00    8.0000000000e+01    2.1049022675e-02    3.9937500000e-01
        24   -1.2414383485e+01    1.5431635589e+02   -2.2855411949e+01    1.0441028464e+01    1.8932472298e+01    1.3050036718e+01   -5.5637143918e+01    7.9922295351e-01    8.0000000000e+01    2.1960258484e-02    4.0937500000e-01
        25   -1.2496373007e+01    1.5633778087e+02   -2.2730610635e+01    1.0234237628e+01    1.8356910982e+01    1.3050036718e+01   -5.4730938047e+01    5.9337971146e-01    8.0000000000e+01    2.1649718285e-02    4.2000000000e-01
        26   -1.2396697726e+01    1.5380619893e+02   -2.1176634542e+01    8.7799368161e+00    1.8175098432e+01    1.3050036718e+01   -5.3804546147e+01    1.4027764546e+00    8.0000000000e+01    2.1589636803e-02    4.5750000000e-01
        27   -1.2615058806e+01    1.5965852389e+02   -2.2819698066e+01    1.0204639260e+01    1.7784909274e+01    1.3050036718e+01   -5.2191564827e+01   -1.4630792309e+00    8.0000000000e+01    2.0560741425e-02    4.2937500000e-01
        28   -1.2409264872e+01    1.5415002504e+02   -2.1736329542e+01    9.3270646694e+00    1.7660354712e+01    1.3050036718e+01   -5.3227658414e+01    7.8093744273e-01    8.0000000000e+01    2.1253466606e-02    4.5500000000e-01
        29   -1.2453633354e+01    1.5518398748e+02   -2.1351499326e+01    8.8978659712e+00    1.7927843189e+01    1.3050036718e+01   -5.2890298347e+01    5.6091911477e-01    8.0000000000e+01    2.0793437958e-02    4.2500000000e-01
        30   -1.2467031170e+01    1.5566164423e+02   -2.1183740078e+01    8.7167089085e+00    1.8183600322e+01    1.3050036718e+01   -5.4006548175e+01    1.5891710565e+00    8.0000000000e+01    2.1175265312e-02    4.1875000000e-01
        31   -1.2350995700e+01    1.5270517880e+02   -2.1514942803e+01    9.1639471031e+00    1.7547004657e+01    1.3050036718e+01   -5.2779500257e+01    6.6751607965e-01    8.0000000000e+01    2.0779490471e-02    4.2437500000e-01
        32   -1.2422279789e+01    1.5447066672e+02   -2.3056941982e+01    1.0634662193e+01    1.7748078364e+01    1.3050036718e+01   -5.5036679086e+01    1.1816220226e+00    8.0000000000e+01    2.0680427551e-02    4.2500000000e-01
        33   -1.2361760050e+01    1.5294760484e+02   -2.1569933379e+01    9.2081733286e+00    1.7547354000e+01    1.3050036718e+01   -5.3366880256e+01    1.1995561592e+00    8.0000000000e+01    2.0438492298e-02    4.2062500000e-01
        34   -1.2469152894e+01    1.5589120274e+02   -2.1852186262e+01    9.3830333679e+00    1.8412980832e+01    1.3050036718e+01   -5.4439744596e+01    1.1245407842e+00    8.0000000000e+01    2.1551191807e-02    4.2187500000e-01
        35   -1.2410408221e+01    1.5416093830e+02   -2.1284875724e+01    8.8744675028e+00    1.7622838016e+01    1.3050036718e+01   -5.2618071301e+01    6.6032084260e-01    8.0000000000e+01    2.0789980888e-02    4.3312500000e-01
        36   -1.2419561791e+01    1.5451844429e+02   -2.3002154305e+01    1.0582592514e+01    1.7670532639e+01    1.3050036718e+01   -5.4755841775e+01    1.0331181138e+00    8.0000000000e+01    2.0766258240e-02    4.3437500000e-01
        37   -1.2341330615e+01    1.5243328436e+02   -2.0713088790e+01    8.3717581745e+00    1.7759977277e+01    1.3050036718e+01   -5.2281885850e+01    7.5878306562e-01    8.0000000000e+01    2.1035671234e-02    4.4937500000e-01
        38   -1.2351373615e+01    1.5286165412e+02   -2.3612263468e+01    1.1260889853e+01    1.7989220934e+01    1.3050036718e+01   -5.5558502834e+01    9.0698171440e-01    8.0000000000e+01    2.1321952343e-02    4.1937500000e-01
        39   -1.2362173782e+01    1.5306345581e+02   -2.2550906378e+01    1.0188732595e+01    1.8444192911e+01    1.3050036718e+01   -5.4662146496e+01    6.1701048879e-01    8.0000000000e+01    2.1727263927e-02    4.2125000000e-01
        40   -1.2416974615e+01    1.5432637097e+02   -2.2955218692e+01    1.0538244077e+01    1.8619554199e+01    1.3050036718e+01   -5.5285031677e+01    6.6022206801e-01    8.0000000000e+01    2.1631777287e-02    4.1625000000e-01
        41   -1.2450891760e+01    1.5529853359e+02   -2.0773941238e+01    8.3230494778e+00    1.7143951974e+01    1.3050036718e+01   -5.1795610812e+01    8.2768088125e-01    8.0000000000e+01    2.0226061344e-02    4.5625000000e-01
        42   -1.2428880260e+01    1.5466579618e+02   -2.1410063706e+01    8.9811834458e+00    1.7921857927e+01    1.3050036718e+01   -5.3223644471e+01    8.4168612001e-01    8.0000000000e+01    2.0775496960e-02    4.4000000000e-01
        43   -1.2348010409e+01    1.5261416807e+02   -2.0406913547e+01    8.0589031388e+00    1.7516014284e+01    1.3050036718e+01   -5.1177553214e+01    2.0458866530e-01    8.0000000000e+01    2.0568490028e-02    4.6187500000e-01
        44   -1.2378414974e+01    1.5336139864e+02   -2.1286329007e+01    8.9079140333e+00    1.8094820232e+01    1.3050036718e+01   -5.3546375365e+01    1.1151894073e+00    8.0000000000e+01    2.1472454071e-02    4.5187500000e-01
        45   -1.2383244461e+01    1.5346808465e+02   -2.2848909712e+01    1.0465665251e+01    1.8390602110e+01    1.3050036718e+01   -5.5302892241e+01    1.0133437004e+00    8.0000000000e+01    2.1354258060e-02    3.9812500000e-01
        46   -1.2435344498e+01    1.5483100283e+02   -2.2717351321e+01    1.0282006823e+01    1.8690731321e+01    1.3050036718e+01   -5.5025478845e+01    5.6735948516e-01    8.0000000000e+01    2.2058546543e-02    4.1375000000e-01
        47   -1.2419174546e+01    1.5437319876e+02   -2.2354340663e+01    9.9351661164e+00    1.8195482511e+01    1.3050036718e+01   -5.4217263713e+01    6.1740382075e-01    8.0000000000e+01    2.1266758442e-02    4.1312500000e-01
        48   -1.2387556995e+01    1.5361846015e+02   -2.1429931666e+01    9.0423746709e+00    1.8251206420e+01    1.3050036718e+01   -5.3072077568e+01    3.4090276355e-01    8.0000000000e+01    2.0741045475e-02    3.9312500000e-01
        49   -1.2534752551e+01    1.5741822489e+02   -2.2225755272e+01    9.6910027211e+00    1.8029934618e+01    1.3050036718e+01   -5.4123037184e+01    8.1731057693e-01    8.0000000000e+01    2.0663321018e-02    4.1250000000e-01
        50   -1.2400085379e+01    1.5389025103e+02   -2.1443414434e+01    9.0433290547e+00    1.7986575661e+01    1.3050036718e+01   -5.3026521072e+01    5.4649425890e-01    8.0000000000e+01    2.0656228065e-02    4.2375000000e-01
        51   -1.2458650225e+01    1.5543456502e+02   -2.2158842153e+01    9.7001919284e+00    1.7812322777e+01    1.3050036718e+01   -5.3842551592e+01    8.2134994297e-01    8.0000000000e+01    2.1517038345e-02    4.2250000000e-01
        52   -1.2447530641e+01    1.5530126828e+02   -2.1221680047e+01    8.7741494060e+00    1.7495987569e+01    1.3050036718e+01   -5.2135068618e+01    3.6736428336e-01    8.0000000000e+01    2.0663261414e-02    4.5750000000e-01
        53   -1.2376222992e+01    1.5336021959e+02   -2.1903828827e+01    9.5276058358e+00    1.7908817022e+01    1.3050036718e+01   -5.3532632060e+01    6.6994949287e-01    8.0000000000e+01    2.0810961723e-02    4.1812500000e-01
        54   -1.2416540060e+01    1.5432631433e+02   -2.0461471833e+01    8.0449317737e+00    1.7527596927e+01    1.3050036718e+01   -5.2057667632e+01    1.0185621533e+00    8.0000000000e+01    2.0180523396e-02    4.1625000000e-01
        55   -1.2348942904e+01    1.5271577494e+02   -2.1589615169e+01    9.2406722650e+00    1.7770934791e+01    1.3050036718e+01   -5.3205331899e+01    7.9474522100e-01    8.0000000000e+01    2.0804047585e-02    4.3687500000e-01
        56   -1.2370736172e+01    1.5324360435e+02   -2.1860641721e+01    9.4899055486e+00    1.8405320977e+01    1.3050036718e+01   -5.4510022125e+01    1.1940227088e+00    8.0000000000e+01    2.0772516727e-02    4.1937500000e-01
        57   -1.2387075296e+01    1.5360958076e+02   -2.2163631079e+01    9.7765557833e+00    1.8061603933e+01    1.3050036718e+01   -5.3638930719e+01    3.6365898899e-01    8.0000000000e+01    2.1141052246e-02    3.9875000000e-01
        58   -1.2438301185e+01    1.5495840092e+02   -2.1661358971e+01    9.2230577857e+00    1.8094476899e+01    1.3050036718e+01   -5.3956881132e+01    1.1510085437e+00    8.0000000000e+01    2.1521508694e-02    4.2937500000e-01
        59   -1.2435464394e+01    1.5478478156e+02   -2.1082611753e+01    8.6471473588e+00    1.7817243491e+01    1.3050036718e+01   -5.2419415302e+01    4.6952333894e-01    8.0000000000e+01    2.0695507526e-02    4.3312500000e-01
        60   -1.2520152461e+01    1.5702977381e+02   -2.2589486278e+01    1.0069333817e+01    1.8218237001e+01    1.3050036718e+01   -5.4033522706e+01    1.7576270874e-01    8.0000000000e+01    2.1932899952e-02    4.2437500000e-01
        61   -1.2358465536e+01    1.5302837059e+02   -2.1616816625e+01    9.2583510896e+00    1.7741243558e+01    1.3050036718e+01   -5.3534849352e+01    1.1267524508e+00    8.0000000000e+01    2.1667242050e-02    4.3437500000e-01
        62   -1.2363388666e+01    1.5306726196e+02   -2.1724082819e+01    9.3606941528e+00    1.7894992094e+01    1.3050036718e+01   -5.3518080996e+01    8.4896936527e-01    8.0000000000e+01    2.0996212959e-02    4.3312500000e-01
        63   -1.2419904795e+01    1.5451079792e+02   -2.1171937439e+01    8.7520326436e+00    1.7445240410e+01    1.3050036718e+01   -5.2097003399e+01    4.2978883220e-01    8.0000000000e+01    2.0435988903e-02    4.5625000000e-01
        64   -1.2438983044e+01    1.5490014802e+02   -2.1581428315e+01    9.1424452712e+00    1.8349620048e+01    1.3050036718e+01   -5.4014115042e+01    1.0330299606e+00    8.0000000000e+01    2.0493507385e-02    4.3562500000e-01
        65   -1.2384536072e+01    1.5368059995e+02   -2.2583869528e+01    1.0199333456e+01    1.7945243847e+01    1.3050036718e+01   -5.4177891990e+01    5.9874189672e-01    8.0000000000e+01    2.0805001259e-02    4.3187500000e-01
        66   -1.2445706915e+01    1.5501545878e+02   -2.1841872715e+01    9.3961658003e+00    1.8261792267e+01    1.3050036718e+01   -5.3851123403e+01    6.9742170360e-01    8.0000000000e+01    2.1267235279e-02    4.3250000000e-01
        67   -1.2375467849e+01    1.5342020680e+02   -2.1549087825e+01    9.1736199754e+00    1.7428048215e+01    1.3050036718e+01   -5.3495614206e+01    1.4684414484e+00    8.0000000000e+01    2.0839512348e-02    4.2000000000e-01
        68   -1.2288173118e+01    1.5135968929e+02   -2.2461431855e+01    1.0173258737e+01    1.8256810285e+01    1.3050036718e+01   -5.5293551779e+01    1.5252729207e+00    8.0000000000e+01    2.0888030529e-02    4.1687500000e-01
        69   -1.2388812860e+01    1.5364451499e+02   -2.1898151942e+01    9.5093390821e+00    1.8227512011e+01    1.3050036718e+01   -5.4094032788e+01    9.1833211690e-01    8.0000000000e+01    2.1563231945e-02    4.0312500000e-01
        70   -1.2457624035e+01    1.5535732669e+02   -2.1660935116e+01    9.2033110817e+00    1.7922574268e+01    1.3050036718e+01   -5.3899458024e+01    1.2659119219e+00    8.0000000000e+01    2.0775735378e-02    4.0375000000e-01
        71   -1.2358766840e+01    1.5288758123e+02   -2.1653004611e+01    9.2942377713e+00    1.7890030075e+01    1.3050036718e+01   -5.3098982407e+01    5.0591100241e-01    8.0000000000e+01    2.1136224270e-02    4.4375000000e-01
        72   -1.2392245431e+01    1.5368293844e+02   -2.1203894411e+01    8.8116489802e+00    1.7507145333e+01    1.3050036718e+01   -5.2477181105e+01    7.1610464211e-01    8.0000000000e+01    2.1068036556e-02    4.2687500000e-01
        73   -1.2470741996e+01    1.5569199058e+02   -2.0947729090e+01    8.4769870935e+00    1.7520219159e+01    1.3050036718e+01   -5.2717165853e+01    1.1991808860e+00    8.0000000000e+01    2.1023452282e-02    4.5062500000e-01
        74   -1.2346458044e+01    1.5262712935e+02   -2.0773759119e+01    8.4273010745e+00    1.7720544119e+01    1.3050036718e+01   -5.1998386610e+01    4.5404665442e-01    8.0000000000e+01    2.1238923073e-02    4.3312500000e-01
        75   -1.2410094507e+01    1.5414944959e+02   -2.2251803297e+01    9.8417087892e+00    1.8751700169e+01    1.3050036718e+01   -5.4874908054e+01    8.2136787069e-01    8.0000000000e+01    2.1547496319e-02    4.0750000000e-01
        76   -1.2471242521e+01    1.5572916816e+02   -2.2077158634e+01    9.6059161129e+00    1.7918142815e+01    1.3050036718e+01   -5.4324517864e+01    1.2791796972e+00    8.0000000000e+01    2.1018266678e-02    4.3000000000e-01
        77   -1.2403234820e+01    1.5417498055e+02   -2.1191914070e+01    8.7886792506e+00    1.7964620265e+01    1.3050036718e+01   -5.3077431116e+01    8.7086006282e-01    8.0000000000e+01    2.1029055119e-02    4.3875000000e-01
        78   -1.2487880150e+01    1.5642549588e+02   -2.2587364538e+01    1.0099484388e+01    1.8481627217e+01    1.3050036718e+01   -5.5317194487e+01    1.1981660142e+00    8.0000000000e+01    2.1553695202e-02    4.1187500000e-01
        79   -1.2394442065e+01    1.5370202603e+02   -2.1274969454e+01    8.8805273893e+00    1.8230391167e+01    1.3050036718e+01   -5.3140016935e+01    5.8461959534e-01    8.0000000000e+01    2.0924746990e-02    4.0625000000e-01
        80   -1.2426193803e+01    1.5457233924e+02   -2.1935923245e+01    9.5097294420e+00    1.8015761809e+01    1.3050036718e+01   -5.3767143446e+01    7.6542167422e-01    8.0000000000e+01    2.1456599236e-02    3.9625000000e-01
        81   -1.2422888682e+01    1.5454544682e+02   -2.0612436200e+01    8.1895475188e+00    1.7865423464e+01    1.3050036718e+01   -5.2310712306e+01    7.8281592284e-01    8.0000000000e+01    2.1422684193e-02    4.3562500000e-01
        82   -1.2336744442e+01    1.5237346499e+02   -2.1949998833e+01    9.6132543912e+00    1.8165714555e+01    1.3050036718e+01   -5.3726961980e+01    5.6121187378e-01    8.0000000000e+01    2.1340250969e-02    4.3875000000e-01
        83   -1.2455564487e+01    1.5532590655e+02   -2.2672179584e+01    1.0216615096e+01    1.8563984046e+01    1.3050036718e+01   -5.5473323203e+01    1.1871228558e+00    8.0000000000e+01    2.1851301193e-02    4.1562500000e-01
        84   -1.2341185817e+01    1.5247513123e+02   -2.0742162015e+01    8.4009761979e+00    1.8060466631e+01    1.3050036718e+01   -5.3125603782e+01    1.2729384185e+00    8.0000000000e+01    2.0900845528e-02    4.2187500000e-01
        85   -1.2397537338e+01    1.5386517975e+02   -2.2696710389e+01    1.0299173051e+01    1.8079623551e+01    1.3050036718e+01   -5.4436774475e+01    6.1040381682e-01    8.0000000000e+01    2.0933747292e-02    4.2375000000e-01
        86   -1.2443063025e+01    1.5500922356e+02   -2.1878950932e+01    9.4358879066e+00    1.8145000921e+01    1.3050036718e+01   -5.4800066853e+01    1.7260782829e+00    8.0000000000e+01    2.1256446838e-02    4.3125000000e-01
        87   -1.2430752036e+01    1.5479862931e+02   -2.2456506419e+01    1.0025754383e+01    1.8126456221e+01    1.3050036718e+01   -5.4261008561e+01    6.2800920373e-01    8.0000000000e+01    2.1351754665e-02    4.1500000000e-01
        88   -1.2419472148e+01    1.5443718162e+02   -2.1514284463e+01    9.0948123146e+00    1.7603865720e+01    1.3050036718e+01   -5.3421962700e+01    1.2537757986e+00    8.0000000000e+01    2.1105766296e-02    4.4687500000e-01
        89   -1.2500422583e+01    1.5648635977e+02   -2.3811545690e+01    1.1311123107e+01    1.8262025502e+01    1.3050036718e+01   -5.5809262448e+01    6.8565453868e-01    8.0000000000e+01    2.1235942841e-02    4.0687500000e-01
        90   -1.2391593426e+01    1.5383174896e+02   -1.9670593454e+01    7.2790000277e+00    1.7548723522e+01    1.3050036718e+01   -5.2396345334e+01    2.1269916396e+00    8.0000000000e+01    2.0514547825e-02    4.3812500000e-01
        91   -1.2418700524e+01    1.5431590615e+02   -2.1272628543e+01    8.8539280194e+00    1.7741021051e+01    1.3050036718e+01   -5.2893797140e+01    8.3011082821e-01    8.0000000000e+01    2.0992279053e-02    4.1812500000e-01
        92   -1.2419235543e+01    1.5438356377e+02   -2.1727879085e+01    9.3086435426e+00    1.7942242807e+01    1.3050036718e+01   -5.3647719013e+01    9.2756040266e-01    8.0000000000e+01    2.1260261536e-02    4.1062500000e-01
        93   -1.2434140341e+01    1.5476529704e+02   -2.2376000438e+01    9.9418600968e+00    1.7990847885e+01    1.3050036718e+01   -5.3881679200e+01    4.6479415943e-01    8.0000000000e+01    2.1221995354e-02    4.3750000000e-01
        94   -1.2493061035e+01    1.5622274516e+02   -2.1768134290e+01    9.2750732552e+00    1.8360597520e+01    1.3050036718e+01   -5.3557235423e+01    3.7846689503e-01    8.0000000000e+01    2.1203279495e-02    3.9687500000e-01
        95   -1.2361173452e+01    1.5294983220e+02   -2.1994598406e+01    9.6334249544e+00    1.8174588818e+01    1.3050036718e+01   -5.4438427026e+01    1.2192030840e+00    8.0000000000e+01    2.1196007729e-02    4.0625000000e-01
        96   -1.2398523005e+01    1.5395800139e+02   -2.2319755320e+01    9.9212323151e+00    1.7727861929e+01    1.3050036718e+01   -5.3905105619e+01    8.0745165187e-01    8.0000000000e+01    2.1259188652e-02    4.3437500000e-01
        97   -1.2363364478e+01    1.5301617563e+02   -2.0996453214e+01    8.6330887361e+00    1.7864826402e+01    1.3050036718e+01   -5.2540462859e+01    6.2914652542e-01    8.0000000000e+01    2.1112501621e-02    4.4062500000e-01
        98   -1.2436103464e+01    1.5484820151e+02   -2.3692026252e+01    1.1255922788e+01    1.8309982192e+01    1.3050036718e+01   -5.5947435142e+01    8.9538997970e-01    8.0000000000e+01    2.1907329559e-02    4.0437500000e-01
        99   -1.2419664564e+01    1.5440758843e+02   -2.1659053064e+01    9.2393885003e+00    1.7530205688e+01    1.3050036718e+01   -5.2871608335e+01    6.3231286404e-01    8.0000000000e+01    2.1311461926e-02    4.6687500000e-01
