#   index    LocalEnergy         LocalEnergy_sq      LocalPotential      Kinetic             ElecElec            IonIon              LocalECP            NonLocalECP         BlockWeight         BlockCPU            AcceptRatio         
         0   -1.2438310629e+01    1.5491491172e+02   -2.2457461324e+01    1.0019150696e+01    1.8763001285e+01    1.3050036718e+01   -5.4967789036e+01    6.9728970852e-01    8.0000000000e+01    2.1676480770e-02    4.2000000000e-01
         1   -1.2453342839e+01    1.5537475389e+02   -2.1914278674e+01    9.4609358346e+00    1.8186273863e+01    1.3050036718e+01   -5.3879449167e+01    7.2885991261e-01    8.0000000000e+01    2.1548032761e-02    4.3625000000e-01
         2   -1.2432315184e+01    1.5478424744e+02   -2.1524285120e+01    9.0919699365e+00    1.7596183002e+01    1.3050036718e+01   -5.3219184295e+01    1.0486794551e+00    8.0000000000e+01    2.1341025829e-02    4.3125000000e-01
         3   -1.2322732210e+01    1.5214129332e+02   -2.0372472497e+01    8.0497402873e+00    1.8265691442e+01    1.3050036718e+01   -5.2911440700e+01    1.2232400427e+00    8.0000000000e+01    2.1411299706e-02    4.6562500000e-01
         4   -1.2403828917e+01    1.5404240361e+02   -2.1680936875e+01    9.2771079574e+00    1.8251591302e+01    1.3050036718e+01   -5.3220742958e+01    2.3817806355e-01    8.0000000000e+01    2.1184265614e-02    4.3875000000e-01
         5   -1.2443019831e+01    1.5501956967e+02   -2.2016569272e+01    9.5735494408e+00    1.7953798461e+01    1.3050036718e+01   -5.3948252419e+01    9.2784796811e-01    8.0000000000e+01    2.1077573299e-02    4.3437500000e-01
         6   -1.2438477882e+01    1.5492713298e+02   -2.2418096928e+01    9.9796190462e+00    1.8191528583e+01    1.3050036718e+01   -5.5222749849e+01    1.5630876193e+00    8.0000000000e+01    2.1203219891e-02    4.4750000000e-01
         7   -1.2458648501e+01    1.5542575424e+02   -2.1350900926e+01    8.8922524253e+00    1.8016519017e+01    1.3050036718e+01   -5.3632583036e+01    1.2151263739e+00    8.0000000000e+01    2.0995974541e-02    4.1250000000e-01
         8   -1.2371583919e+01    1.5325128866e+02   -2.2478893809e+01    1.0107309890e+01    1.8464293193e+01    1.3050036718e+01   -5.4554505349e+01    5.6128162908e-01    8.0000000000e+01    2.0928263664e-02    4.2687500000e-01
         9   -1.2349003756e+01    1.5285404986e+02   -2.1384495171e+01    9.0354914149e+00    1.7856515577e+01    1.3050036718e+01   -5.2670084322e+01    3.7903685588e-01    8.0000000000e+01    2.1386861801e-02    4.5812500000e-01
        10   -1.2566476316e+01    1.5814692214e+02   -2.2953749507e+01    1.0387273191e+01    1.7909324098e+01    1.3050036718e+01   -5.4709780584e+01    7.9667026191e-01    8.0000000000e+01    2.1295845509e-02    4.3187500000e-01
        11   -1.2376682527e+01    1.5354202431e+02   -2.1534303205e+01    9.1576206777e+00    1.8715232839e+01    1.3050036718e+01   -5.4014857478e+01    7.1528471624e-01    8.0000000000e+01    2.1323561668e-02    4.2437500000e-01
        12   -1.2411516821e+01    1.5435278259e+02   -2.1879108475e+01    9.4675916543e+00    1.8154489374e+01    1.3050036718e+01   -5.4131197754e+01    1.0475631872e+00    8.0000000000e+01    2.1322011948e-02    4.3250000000e-01
        13   -1.2490935418e+01    1.5632561760e+02   -2.3058530637e+01    1.0567595219e+01    1.8336123944e+01    1.3050036718e+01   -5.5152707695e+01    7.0801639581e-01    8.0000000000e+01    2.1289765835e-02    4.0812500000e-01
        14   -1.2354010140e+01    1.5295672935e+02   -2.1130416871e+01    8.7764067315e+00    1.8802106649e+01    1.3050036718e+01   -5.3606774631e+01    6.2421439285e-01    8.0000000000e+01    2.1071255207e-02    4.1937500000e-01
        15   -1.2365638844e+01    1.5327085809e+02   -2.0858143780e+01    8.4925049365e+00    1.8031975060e+01    1.3050036718e+01   -5.2748538619e+01    8.0838306088e-01    8.0000000000e+01    2.1041274071e-02    4.2875000000e-01
        16   -1.2394407195e+01    1.5378741912e+02   -2.0842209096e+01    8.4478019010e+00    1.7847316348e+01    1.3050036718e+01   -5.3084635139e+01    1.3450729769e+00    8.0000000000e+01    2.0565032959e-02    4.5250000000e-01
        17   -1.2320897549e+01    1.5206385919e+02   -2.0948222417e+01    8.6273248683e+00    1.8036133815e+01    1.3050036718e+01   -5.2608394006e+01    5.7400105658e-01    8.0000000000e+01    2.0810484886e-02    4.3000000000e-01
        18   -1.2408079695e+01    1.5425963650e+02   -2.1985497849e+01    9.5774181541e+00    1.8317952760e+01    1.3050036718e+01   -5.3908663882e+01    5.5517655538e-01    8.0000000000e+01    2.1619021893e-02    4.3687500000e-01
        19   -1.2440617724e+01    1.5494421387e+02   -2.1782022943e+01    9.3414052190e+00    1.8706238072e+01    1.3050036718e+01   -5.4318553206e+01    7.8025547267e-01    8.0000000000e+01    2.2060275078e-02    4.2250000000e-01
        20   -1.2384490245e+01    1.5360184814e+02   -2.1308489210e+01    8.9239989651e+00    1.8084463417e+01    1.3050036718e+01   -5.3100845705e+01    6.5785636044e-01    8.0000000000e+01    2.1961390972e-02    4.3125000000e-01
        21   -1.2406526129e+01    1.5418630245e+02   -2.2715981590e+01    1.0309455461e+01    1.8168343448e+01    1.3050036718e+01   -5.4510066238e+01    5.7570448151e-01    8.0000000000e+01    2.1081864834e-02    4.0187500000e-01
        22   -1.2303264054e+01    1.5169982963e+02   -2.0858218124e+01    8.5549540702e+00    1.8369856940e+01    1.3050036718e+01   -5.3309278090e+01    1.0311663079e+00    8.0000000000e+01    2.0876288414e-02    4.4312500000e-01
        23   -1.2375727228e+01    1.5338879247e+02   -2.3001270198e+01    1.0625542970e+01    1.8300813719e+01    1.3050036718e+01   -5.6308162827e+01    1.9560421916e+00    8.0000000000e+01    2.1237969398e-02    4.4812500000e-01
        24   -1.2364647848e+01    1.5322872693e+02   -2.3409531248e+01    1.1044883400e+01    1.8694797078e+01    1.3050036718e+01   -5.6311076172e+01    1.1567111283e+00    8.0000000000e+01    2.1248340607e-02    4.0562500000e-01
        25   -1.2179642384e+01    1.4862404025e+02   -2.0950933519e+01    8.7712911356e+00    1.8193581825e+01    1.3050036718e+01   -5.2853910194e+01    6.5935813117e-01    8.0000000000e+01    2.0771324635e-02    4.2750000000e-01
        26   -1.2377143853e+01    1.5348516660e+02   -2.2253865795e+01    9.8767219422e+00    1.8637303890e+01    1.3050036718e+01   -5.4467739456e+01    5.2653305267e-01    8.0000000000e+01    2.1156251431e-02    4.2750000000e-01
        27   -1.2249365595e+01    1.5032167120e+02   -2.1094631151e+01    8.8452655565e+00    1.7730499773e+01    1.3050036718e+01   -5.2775207191e+01    9.0003954824e-01    8.0000000000e+01    2.0732998848e-02    4.2437500000e-01
        28   -1.2322062534e+01    1.5212881093e+02   -2.0467733426e+01    8.1456708918e+00    1.7009285792e+01    1.3050036718e+01   -5.0736105502e+01    2.0904956655e-01    8.0000000000e+01    2.0653426647e-02    4.9312500000e-01
        29   -1.2330002892e+01    1.5226832248e+02   -2.1475430107e+01    9.1454272150e+00    1.8295498567e+01    1.3050036718e+01   -5.3583252394e+01    7.6228700198e-01    8.0000000000e+01    2.0696282387e-02    4.3750000000e-01
        30   -1.2455577695e+01    1.5548633786e+02   -2.2417490708e+01    9.9619130137e+00    1.8340715907e+01    1.3050036718e+01   -5.5337840453e+01    1.5295971191e+00    8.0000000000e+01    2.1302998066e-02    4.1750000000e-01
        31   -1.2430712850e+01    1.5473087082e+02   -2.2148707344e+01    9.7179944936e+00    1.8095001836e+01    1.3050036718e+01   -5.4195262130e+01    9.0151623189e-01    8.0000000000e+01    2.1298527718e-02    4.3375000000e-01
        32   -1.2323709611e+01    1.5203568130e+02   -2.0355119846e+01    8.0314102353e+00    1.7694751709e+01    1.3050036718e+01   -5.1504071233e+01    4.0416296012e-01    8.0000000000e+01    2.1045684814e-02    4.4062500000e-01
        33   -1.2351794582e+01    1.5279164324e+02   -2.1329434582e+01    8.9776399999e+00    1.8156932965e+01    1.3050036718e+01   -5.4080679196e+01    1.5442749316e+00    8.0000000000e+01    2.1293580532e-02    4.2812500000e-01
        34   -1.2424909196e+01    1.5453343188e+02   -2.0524814698e+01    8.0999055017e+00    1.8066602695e+01    1.3050036718e+01   -5.2953354418e+01    1.3119003069e+00    8.0000000000e+01    2.0819783211e-02    4.3812500000e-01
        35   -1.2399441606e+01    1.5411190877e+02   -2.2581035686e+01    1.0181594080e+01    1.8105285554e+01    1.3050036718e+01   -5.3519662043e+01   -2.1669591503e-01    8.0000000000e+01    2.0963251591e-02    4.5875000000e-01
        36   -1.2379136379e+01    1.5352529008e+02   -2.0464648510e+01    8.0855121317e+00    1.7373679916e+01    1.3050036718e+01   -5.1532131846e+01    6.4376670187e-01    8.0000000000e+01    2.0765066147e-02    4.3937500000e-01
        37   -1.2359222989e+01    1.5305611736e+02   -2.1220970837e+01    8.8617478476e+00    1.8514583757e+01    1.3050036718e+01   -5.3776563164e+01    9.9097185190e-01    8.0000000000e+01    2.0972967148e-02    4.1687500000e-01
        38   -1.2435525815e+01    1.5495004700e+02   -2.1968267198e+01    9.5327413831e+00    1.8461788530e+01    1.3050036718e+01   -5.4734344205e+01    1.2542517591e+00    8.0000000000e+01    2.1598458290e-02    4.0062500000e-01
        39   -1.2204879746e+01    1.4951288588e+02   -1.9955959120e+01    7.7510793744e+00    1.7666048840e+01    1.3050036718e+01   -5.2451618321e+01    1.7795736433e+00    8.0000000000e+01    2.0893275738e-02    4.3750000000e-01
        40   -1.2382168915e+01    1.5357616375e+02   -2.1837789036e+01    9.4556201209e+00    1.8523240151e+01    1.3050036718e+01   -5.4108218870e+01    6.9715296432e-01    8.0000000000e+01    2.1097421646e-02    4.2562500000e-01
        41   -1.2447576103e+01    1.5515496146e+02   -2.1171013614e+01    8.7234375107e+00    1.7997150330e+01    1.3050036718e+01   -5.3003233955e+01    7.8503329408e-01    8.0000000000e+01    2.0575702190e-02    4.2750000000e-01
        42   -1.2476098147e+01    1.5581164170e+02   -2.1116425735e+01    8.6403275874e+00    1.7642987915e+01    1.3050036718e+01   -5.2502106063e+01    6.9265569590e-01    8.0000000000e+01    2.0780205727e-02    4.3937500000e-01
        43   -1.2418008882e+01    1.5468296446e+02   -2.3469205759e+01    1.1051196877e+01    1.8371398444e+01    1.3050036718e+01   -5.5140002062e+01    2.4936114126e-01    8.0000000000e+01    2.1702885628e-02    4.2687500000e-01
        44   -1.2462206310e+01    1.5552185087e+02   -2.2154333881e+01    9.6921275710e+00    1.8362880177e+01    1.3050036718e+01   -5.4786190391e+01    1.2189396147e+00    8.0000000000e+01    2.1718382835e-02    4.3812500000e-01
        45   -1.2328934316e+01    1.5226812137e+02   -2.1837476671e+01    9.5085423550e+00    1.8176563338e+01    1.3050036718e+01   -5.3347949292e+01    2.8387256585e-01    8.0000000000e+01    2.1162569523e-02    4.2375000000e-01
        46   -1.2408896421e+01    1.5431000915e+02   -2.2313167298e+01    9.9042708770e+00    1.8397380981e+01    1.3050036718e+01   -5.4709217092e+01    9.4863209483e-01    8.0000000000e+01    2.1250247955e-02    4.0937500000e-01
        47   -1.2362451740e+01    1.5314064956e+02   -2.2421835188e+01    1.0059383448e+01    1.8729022721e+01    1.3050036718e+01   -5.5206628149e+01    1.0057335226e+00    8.0000000000e+01    2.1275281906e-02    4.2875000000e-01
        48   -1.2437636795e+01    1.5496762602e+02   -2.2015120655e+01    9.5774838600e+00    1.8262868954e+01    1.3050036718e+01   -5.4063608608e+01    7.3558228114e-01    8.0000000000e+01    2.0862460136e-02    4.0375000000e-01
        49   -1.2466649621e+01    1.5560963586e+02   -2.1770888486e+01    9.3042388649e+00    1.8286360888e+01    1.3050036718e+01   -5.3999280160e+01    8.9199406866e-01    8.0000000000e+01    2.1142959595e-02    4.1687500000e-01
        50   -1.2378217088e+01    1.5360321385e+02   -2.2376601295e+01    9.9983842066e+00    1.8723095453e+01    1.3050036718e+01   -5.5778460063e+01    1.6287265975e+00    8.0000000000e+01    2.1105170250e-02    4.0562500000e-01
        51   -1.2333065878e+01    1.5242557188e+02   -2.1831499337e+01    9.4984334594e+00    1.7922895687e+01    1.3050036718e+01   -5.3578829058e+01    7.7439731567e-01    8.0000000000e+01    2.0927548409e-02    4.4625000000e-01
        52   -1.2397489871e+01    1.5389507125e+02   -2.0769487381e+01    8.3719975096e+00    1.8163616993e+01    1.3050036718e+01   -5.2256432118e+01    2.7329102687e-01    8.0000000000e+01    2.0863950253e-02    4.3625000000e-01
        53   -1.2385283325e+01    1.5355317750e+02   -2.2380863260e+01    9.9955799355e+00    1.7936574652e+01    1.3050036718e+01   -5.4063740593e+01    6.9626596291e-01    8.0000000000e+01    2.1183192730e-02    4.2062500000e-01
        54   -1.2427087978e+01    1.5465624376e+02   -2.1680781982e+01    9.2536940039e+00    1.8137706671e+01    1.3050036718e+01   -5.3737028144e+01    8.6850277244e-01    8.0000000000e+01    2.1067440510e-02    4.6125000000e-01
        55   -1.2404096408e+01    1.5409346614e+02   -2.2241204045e+01    9.8371076374e+00    1.8163229429e+01    1.3050036718e+01   -5.4377876910e+01    9.2340671771e-01    8.0000000000e+01    2.0915269852e-02    4.1062500000e-01
        56   -1.2381290040e+01    1.5360460871e+02   -2.1723944545e+01    9.3426545043e+00    1.8104015757e+01    1.3050036718e+01   -5.3732467794e+01    8.5447077403e-01    8.0000000000e+01    2.1362125874e-02    4.1937500000e-01
        57   -1.2365106049e+01    1.5321474843e+02   -2.1640259234e+01    9.2751531851e+00    1.8081894950e+01    1.3050036718e+01   -5.3582498684e+01    8.1030778141e-01    8.0000000000e+01    2.0873963833e-02    4.2500000000e-01
        58   -1.2437346011e+01    1.5490666567e+02   -2.1060101247e+01    8.6227552359e+00    1.8278505339e+01    1.3050036718e+01   -5.3473069924e+01    1.0844266205e+00    8.0000000000e+01    2.1249771118e-02    4.3625000000e-01
        59   -1.2485235443e+01    1.5611960087e+02   -2.2851417139e+01    1.0366181696e+01    1.8178949121e+01    1.3050036718e+01   -5.4927698925e+01    8.4729594574e-01    8.0000000000e+01    2.1838247776e-02    4.3500000000e-01
        60   -1.2379158852e+01    1.5354438845e+02   -2.1329169258e+01    8.9500104054e+00    1.8581257571e+01    1.3050036718e+01   -5.3972343437e+01    1.0118798901e+00    8.0000000000e+01    2.0982682705e-02    4.2125000000e-01
        61   -1.2409610967e+01    1.5428854352e+02   -2.0841803943e+01    8.4321929759e+00    1.8280097508e+01    1.3050036718e+01   -5.3008509199e+01    8.3657102967e-01    8.0000000000e+01    2.1312534809e-02    4.2000000000e-01
        62   -1.2314472479e+01    1.5196114102e+02   -2.0517107141e+01    8.2026346616e+00    1.8217090076e+01    1.3050036718e+01   -5.2511519292e+01    7.2728535657e-01    8.0000000000e+01    2.1183013916e-02    4.3625000000e-01
        63   -1.2371556152e+01    1.5327894089e+02   -2.1584612068e+01    9.2130559166e+00    1.8302036856e+01    1.3050036718e+01   -5.3579645431e+01    6.4295978793e-01    8.0000000000e+01    2.1259307861e-02    4.2062500000e-01
        64   -1.2475127802e+01    1.5593075889e+02   -2.1877170888e+01    9.4020430866e+00    1.8053509451e+01    1.3050036718e+01   -5.3836053265e+01    8.5533620782e-01    8.0000000000e+01    2.1523475647e-02    4.1000000000e-01
        65   -1.2440303847e+01    1.5498619617e+02   -2.2053868806e+01    9.6135649590e+00    1.7767957960e+01    1.3050036718e+01   -5.3286848391e+01    4.1498490701e-01    8.0000000000e+01    2.1046340466e-02    4.3375000000e-01
        66   -1.2325806105e+01    1.5228295041e+02   -2.1722066255e+01    9.3962601501e+00    1.8500012125e+01    1.3050036718e+01   -5.3980708255e+01    7.0859315686e-01    8.0000000000e+01    2.1395742893e-02    4.1687500000e-01
        67   -1.2232414735e+01    1.5000331601e+02   -2.2319654971e+01    1.0087240236e+01    1.8857268667e+01    1.3050036718e+01   -5.5728570667e+01    1.5016103113e+00    8.0000000000e+01    2.1565735340e-02    4.4000000000e-01
        68   -1.2469179397e+01    1.5566774291e+02   -2.1421978963e+01    8.9527995654e+00    1.7851084132e+01    1.3050036718e+01   -5.2735310564e+01    4.1221075099e-01    8.0000000000e+01    2.0854413509e-02    4.2312500000e-01
        69   -1.2429632119e+01    1.5475327308e+02   -2.2143750938e+01    9.7141188192e+00    1.8193851375e+01    1.3050036718e+01   -5.3965426281e+01    5.7778724993e-01    8.0000000000e+01    2.0927906036e-02    4.2812500000e-01
        70   -1.2438129828e+01    1.5514681980e+02   -2.1884016825e+01    9.4458869965e+00    1.8455293394e+01    1.3050036718e+01   -5.5507448217e+01    2.1181012802e+00    8.0000000000e+01    2.1063506603e-02    4.3250000000e-01
        71   -1.2487429122e+01    1.5611790141e+02   -2.3185872186e+01    1.0698443064e+01    1.8366926678e+01    1.3050036718e+01   -5.5250379720e+01    6.4754413732e-01    8.0000000000e+01    2.1495819092e-02    4.2750000000e-01
        72   -1.2527332469e+01    1.5712711829e+02   -2.3018384474e+01    1.0491052005e+01    1.8709619358e+01    1.3050036718e+01   -5.5695483375e+01    9.1744282555e-01    8.0000000000e+01    2.1991014481e-02    4.0750000000e-01
        73   -1.2395193296e+01    1.5383704207e+02   -2.1732335562e+01    9.3371422666e+00    1.8260443671e+01    1.3050036718e+01   -5.3447477071e+01    4.0466111992e-01    8.0000000000e+01    2.1038711071e-02    4.1250000000e-01
        74   -1.2350216902e+01    1.5277307823e+02   -2.0844061436e+01    8.4938445336e+00    1.7620188683e+01    1.3050036718e+01   -5.2297848180e+01    7.8356134258e-01    8.0000000000e+01    2.1035254002e-02    4.6437500000e-01
        75   -1.2428701614e+01    1.5480329445e+02   -2.0941546985e+01    8.5128453704e+00    1.7854569748e+01    1.3050036718e+01   -5.3012862544e+01    1.1667090939e+00    8.0000000000e+01    2.0725548267e-02    4.2375000000e-01
        76   -1.2400772025e+01    1.5397514007e+02   -2.1174706152e+01    8.7739341274e+00    1.7565946701e+01    1.3050036718e+01   -5.2618572516e+01    8.2788294469e-01    8.0000000000e+01    2.0919263363e-02    4.6250000000e-01
        77   -1.2332979692e+01    1.5230917672e+02   -2.1143278232e+01    8.8102985396e+00    1.8159616117e+01    1.3050036718e+01   -5.2856685044e+01    5.0375397705e-01    8.0000000000e+01    2.1405458450e-02    4.0750000000e-01
        78   -1.2513807823e+01    1.5680619876e+02   -2.1615207478e+01    9.1013996544e+00    1.7789642696e+01    1.3050036718e+01   -5.3283169156e+01    8.2828226446e-01    8.0000000000e+01    2.1519005299e-02    4.2750000000e-01
        79   -1.2499847509e+01    1.5647094876e+02   -2.1621973647e+01    9.1221261380e+00    1.7546113151e+01    1.3050036718e+01   -5.2971380912e+01    7.5325739538e-01    8.0000000000e+01    2.1261334419e-02    4.4750000000e-01
        80   -1.2399587504e+01    1.5404721994e+02   -2.0271085192e+01    7.8714976884e+00    1.7519780835e+01    1.3050036718e+01   -5.1835232394e+01    9.9432964835e-01    8.0000000000e+01    2.0885765553e-02    4.5375000000e-01
        81   -1.2375638813e+01    1.5333353681e+02   -2.1739443318e+01    9.3638045046e+00    1.8192689742e+01    1.3050036718e+01   -5.3902120083e+01    9.1995030476e-01    8.0000000000e+01    2.0747840405e-02    4.3125000000e-01
        82   -1.2411232048e+01    1.5423616077e+02   -2.1565940249e+01    9.1547082014e+00    1.8301201699e+01    1.3050036718e+01   -5.5104554724e+01    2.1873760582e+00    8.0000000000e+01    2.1215915680e-02    4.2062500000e-01
        83   -1.2307871735e+01    1.5171685436e+02   -2.2418275517e+01    1.0110403782e+01    1.7762757544e+01    1.3050036718e+01   -5.3485927622e+01    2.5485784308e-01    8.0000000000e+01    2.0610332489e-02    4.2625000000e-01
        84   -1.2440850796e+01    1.5499263334e+02   -2.1790323677e+01    9.3494728808e+00    1.8094413878e+01    1.3050036718e+01   -5.3953157988e+01    1.0183837154e+00    8.0000000000e+01    2.0991325378e-02    4.3187500000e-01
        85   -1.2377442843e+01    1.5347283717e+02   -2.1684445720e+01    9.3070028769e+00    1.8131597455e+01    1.3050036718e+01   -5.3740939744e+01    8.7485985142e-01    8.0000000000e+01    2.1024525166e-02    4.5375000000e-01
        86   -1.2438169034e+01    1.5490012346e+02   -2.2435751861e+01    9.9975828270e+00    1.8537106367e+01    1.3050036718e+01   -5.4413413120e+01    3.9051817295e-01    8.0000000000e+01    2.1349787712e-02    4.1937500000e-01
        87   -1.2390738309e+01    1.5380113046e+02   -2.1959229311e+01    9.5684910022e+00    1.7518064723e+01    1.3050036718e+01   -5.3399630236e+01    8.7229948392e-01    8.0000000000e+01    2.1233916283e-02    4.6375000000e-01
        88   -1.2292703364e+01    1.5143815359e+02   -2.2111502025e+01    9.8187986612e+00    1.8293856625e+01    1.3050036718e+01   -5.4590410552e+01    1.1350151839e+00    8.0000000000e+01    2.1019816399e-02    4.2875000000e-01
        89   -1.2381470188e+01    1.5347120846e+02   -2.1758483722e+01    9.3770135340e+00    1.7670999375e+01    1.3050036718e+01   -5.3244064763e+01    7.6454494860e-01    8.0000000000e+01    2.0964860916e-02    4.4687500000e-01
        90   -1.2600177656e+01    1.5916735173e+02   -2.3271977971e+01    1.0671800315e+01    1.8257336655e+01    1.3050036718e+01   -5.5821419509e+01    1.2420681642e+00    8.0000000000e+01    2.1501064301e-02    4.3687500000e-01
        91   -1.2329357747e+01    1.5229911650e+02   -2.1242880890e+01    8.9135231426e+00    1.8349729894e+01    1.3050036718e+01   -5.3727476130e+01    1.0848286286e+00    8.0000000000e+01    2.1387040615e-02    4.3375000000e-01
        92   -1.2287155887e+01    1.5133231146e+02   -2.1706844362e+01    9.4196884754e+00    1.8425133898e+01    1.3050036718e+01   -5.3642090577e+01    4.6007559933e-01    8.0000000000e+01    2.0616769791e-02    4.5562500000e-01
        93   -1.2296998499e+01    1.5151143849e+02   -2.1812372261e+01    9.5153737619e+00    1.8854066041e+01    1.3050036718e+01   -5.5043400953e+01    1.3269259336e+00    8.0000000000e+01    2.0699262619e-02    4.1875000000e-01
        94   -1.2341735412e+01    1.5259831244e+02   -2.0461079832e+01    8.1193444201e+00    1.8031492659e+01    1.3050036718e+01   -5.2590443213e+01    1.0478340041e+00    8.0000000000e+01    2.0127236843e-02    4.3375000000e-01
        95   -1.2356117487e+01    1.5288229782e+02   -2.1789042956e+01    9.4329254686e+00    1.8909218338e+01    1.3050036718e+01   -5.4475222390e+01    7.2692437866e-01    8.0000000000e+01    2.1791219711e-02    3.9187500000e-01
        96   -1.2403684743e+01    1.5417267817e+02   -2.2234731819e+01    9.8310470757e+00    1.8670707301e+01    1.3050036718e+01   -5.5662599908e+01    1.7071240701e+00    8.0000000000e+01    2.1698296070e-02    4.2687500000e-01
        97   -1.2381486201e+01    1.5354391550e+02   -2.1946133627e+01    9.5646474258e+00    1.8358918255e+01    1.3050036718e+01   -5.4379813776e+01    1.0247251765e+00    8.0000000000e+01    2.0537912846e-02    4.2000000000e-01
        98   -1.2500681632e+01    1.5653635066e+02   -2.2886297129e+01    1.0385615497e+01    1.8369325191e+01    1.3050036718e+01   -5.5723286057e+01    1.4176270194e+00    8.0000000000e+01    2.1097183228e-02    4.1375000000e-01
        99   -1.2405979508e+01    1.5418888645e+02   -2.2034696997e+01    9.6287174890e+00    1.8840452380e+01    1.3050036718e+01   -5.4424872001e+01    4.9968590543e-01    8.0000000000e+01    2.1750211716e-02    4.2375000000e-01
