#   index    LocalEnergy         LocalEnergy_sq      LocalPotential      Kinetic             ElecElec            LocalECP            NonLocalECP         IonIon              BlockWeight         BlockCPU            AcceptRatio         
         0   -2.2480036751e+00    5.0703135005e+00   -4.2748794400e+00    2.0268757649e+00    1.9195113591e+00   -8.1221017608e+00    1.3240213954e-01    1.7953088221e+00    3.2000000000e+02    1.9847631454e-02    6.9843750000e-01
         1   -2.2404518073e+00    5.0410720136e+00   -3.9743694867e+00    1.7339176794e+00    1.8470908695e+00   -7.7845087721e+00    1.6773959376e-01    1.7953088221e+00    3.2000000000e+02    1.9755974412e-02    6.9257812500e-01
         2   -2.2351820158e+00    5.0121960469e+00   -4.1182076673e+00    1.8830256516e+00    1.9124662865e+00   -8.0304898002e+00    2.0450702438e-01    1.7953088221e+00    3.2000000000e+02    2.0111918449e-02    6.8437500000e-01
         3   -2.2558310630e+00    5.1062060924e+00   -4.0669822931e+00    1.8111512302e+00    1.8842734735e+00   -7.9230981566e+00    1.7653356789e-01    1.7953088221e+00    3.2000000000e+02    2.0252242684e-02    6.8984375000e-01
         4   -2.2342395272e+00    5.0076469540e+00   -4.1813298943e+00    1.9470903671e+00    1.9495337936e+00   -8.0751200225e+00    1.4894751249e-01    1.7953088221e+00    3.2000000000e+02    2.0067706704e-02    6.8554687500e-01
         5   -2.2432137507e+00    5.0455565782e+00   -4.2148477752e+00    1.9716340245e+00    1.9084307884e+00   -8.1170293375e+00    1.9844195176e-01    1.7953088221e+00    3.2000000000e+02    1.9350588322e-02    6.8750000000e-01
         6   -2.2398327654e+00    5.0329921364e+00   -3.8462925623e+00    1.6064597969e+00    1.9930479303e+00   -7.8338098069e+00    1.9916049214e-01    1.7953088221e+00    3.2000000000e+02    2.0108908415e-02    6.8828125000e-01
         7   -2.2320511419e+00    4.9979899873e+00   -4.1076334389e+00    1.8755822970e+00    1.9318815712e+00   -8.0309955325e+00    1.9617170032e-01    1.7953088221e+00    3.2000000000e+02    1.9582226872e-02    6.8242187500e-01
         8   -2.2312573910e+00    4.9950278518e+00   -4.3010651950e+00    2.0698078040e+00    2.0273661882e+00   -8.3267511817e+00    2.0301097638e-01    1.7953088221e+00    3.2000000000e+02    1.9898340106e-02    6.7070312500e-01
         9   -2.2458765154e+00    5.0634442323e+00   -4.1632645648e+00    1.9173880494e+00    1.9336678700e+00   -8.0387390825e+00    1.4649782568e-01    1.7953088221e+00    3.2000000000e+02    1.9840970635e-02    6.8632812500e-01
        10   -2.2269654949e+00    4.9729239974e+00   -3.9183179671e+00    1.6913524721e+00    1.9368941622e+00   -7.8575659467e+00    2.0704499543e-01    1.7953088221e+00    3.2000000000e+02    1.9747838378e-02    7.0273437500e-01
        11   -2.2355347850e+00    5.0248291153e+00   -4.0046487856e+00    1.7691140006e+00    1.9515635419e+00   -7.9680731289e+00    2.1655197929e-01    1.7953088221e+00    3.2000000000e+02    1.9638001919e-02    6.9492187500e-01
        12   -2.2332853401e+00    5.0390263753e+00   -4.0778746008e+00    1.8445892607e+00    1.9703278902e+00   -7.9217714576e+00    7.8260144493e-02    1.7953088221e+00    3.2000000000e+02    1.9829973578e-02    6.9687500000e-01
        13   -2.2301796931e+00    4.9930177632e+00   -4.2119156737e+00    1.9817359806e+00    1.9655391840e+00   -8.0764171580e+00    1.0365347821e-01    1.7953088221e+00    3.2000000000e+02    1.9551768899e-02    6.8789062500e-01
        14   -2.2336529376e+00    5.0138592831e+00   -4.2098768822e+00    1.9762239447e+00    1.9847309329e+00   -8.2587961883e+00    2.6887955108e-01    1.7953088221e+00    3.2000000000e+02    1.9974991679e-02    6.9531250000e-01
        15   -2.2472809766e+00    5.0744843887e+00   -4.0853248753e+00    1.8380438987e+00    1.9242659635e+00   -8.0079787704e+00    2.0307910951e-01    1.7953088221e+00    3.2000000000e+02    1.9574314356e-02    6.9648437500e-01
        16   -2.2329736709e+00    5.0017840545e+00   -3.9310176373e+00    1.6980439664e+00    1.8804844531e+00   -7.7705008848e+00    1.6368997236e-01    1.7953088221e+00    3.2000000000e+02    1.9575670362e-02    7.0429687500e-01
        17   -2.2267357820e+00    4.9713076734e+00   -4.1123668874e+00    1.8856311054e+00    1.9067245760e+00   -8.0046938228e+00    1.9029353728e-01    1.7953088221e+00    3.2000000000e+02    1.9389137626e-02    6.9375000000e-01
        18   -2.2353628287e+00    5.0143307085e+00   -3.9821249057e+00    1.7467620770e+00    1.9493637623e+00   -7.9138819936e+00    1.8708450349e-01    1.7953088221e+00    3.2000000000e+02    1.9716620445e-02    6.9921875000e-01
        19   -2.2314084450e+00    4.9955110451e+00   -4.0088279736e+00    1.7774195287e+00    1.8477469514e+00   -7.7765049129e+00    1.2462116578e-01    1.7953088221e+00    3.2000000000e+02    1.9394814968e-02    7.0429687500e-01
        20   -2.2325343809e+00    5.0032333356e+00   -4.0091392947e+00    1.7766049138e+00    1.8371511030e+00   -7.8542851190e+00    2.1268589916e-01    1.7953088221e+00    3.2000000000e+02    1.9412666559e-02    7.0000000000e-01
        21   -2.2383325121e+00    5.0242675907e+00   -4.0149370674e+00    1.7766045553e+00    1.9481104830e+00   -7.9702097046e+00    2.1185333211e-01    1.7953088221e+00    3.2000000000e+02    1.9727438688e-02    7.0273437500e-01
        22   -2.2344644900e+00    5.0068768895e+00   -4.0814849138e+00    1.8470204238e+00    1.9181437912e+00   -7.9929610141e+00    1.9802348703e-01    1.7953088221e+00    3.2000000000e+02    1.9370853901e-02    6.9140625000e-01
        23   -2.2461781446e+00    5.0626448640e+00   -3.8890998435e+00    1.6429216989e+00    1.9399304915e+00   -7.8447105973e+00    2.2037144031e-01    1.7953088221e+00    3.2000000000e+02    1.9423440099e-02    7.0820312500e-01
        24   -2.2258052190e+00    4.9738217109e+00   -4.2116224136e+00    1.9858171947e+00    1.9716802233e+00   -8.2072485264e+00    2.2863706741e-01    1.7953088221e+00    3.2000000000e+02    1.9888490438e-02    6.8320312500e-01
        25   -2.2358871744e+00    5.0218930301e+00   -4.2365977795e+00    2.0007106052e+00    1.9346967364e+00   -8.1373470393e+00    1.7074370131e-01    1.7953088221e+00    3.2000000000e+02    1.9793376327e-02    6.8828125000e-01
        26   -2.2284165352e+00    4.9805146210e+00   -4.2219373257e+00    1.9935207905e+00    1.9646634290e+00   -8.1617684647e+00    1.7985888800e-01    1.7953088221e+00    3.2000000000e+02    1.9696474075e-02    6.8437500000e-01
        27   -2.2267226392e+00    4.9818246073e+00   -4.0653040721e+00    1.8385814329e+00    1.9495770956e+00   -8.0404880273e+00    2.3029803752e-01    1.7953088221e+00    3.2000000000e+02    1.9765600562e-02    7.1132812500e-01
        28   -2.2369135158e+00    5.0174110588e+00   -4.0494728797e+00    1.8125593639e+00    1.9724516313e+00   -7.9662183914e+00    1.4898505834e-01    1.7953088221e+00    3.2000000000e+02    1.9755750895e-02    6.9062500000e-01
        29   -2.2442263483e+00    5.0893052596e+00   -4.0593906827e+00    1.8151643344e+00    1.9784676792e+00   -8.0368418435e+00    2.0367465957e-01    1.7953088221e+00    3.2000000000e+02    1.9894659519e-02    7.1406250000e-01
        30   -2.2267189775e+00    4.9823420100e+00   -4.0018137478e+00    1.7750947704e+00    1.9966519577e+00   -8.0124722319e+00    2.1869770436e-01    1.7953088221e+00    3.2000000000e+02    2.0004287362e-02    7.0859375000e-01
        31   -2.2490598102e+00    5.0771346210e+00   -4.2742945219e+00    2.0252347117e+00    1.9901056443e+00   -8.2104816167e+00    1.5077262849e-01    1.7953088221e+00    3.2000000000e+02    1.9786566496e-02    6.9843750000e-01
        32   -2.2244662722e+00    4.9712314371e+00   -4.1519841196e+00    1.9275178475e+00    1.9752947495e+00   -8.0866372962e+00    1.6404960497e-01    1.7953088221e+00    3.2000000000e+02    1.9787982106e-02    6.9726562500e-01
        33   -2.2374006410e+00    5.0240578030e+00   -4.3048246477e+00    2.0674240067e+00    1.9465497346e+00   -8.1530762097e+00    1.0639300532e-01    1.7953088221e+00    3.2000000000e+02    2.0147874951e-02    6.9921875000e-01
        34   -2.2413967899e+00    5.0402179504e+00   -4.3153161487e+00    2.0739193589e+00    1.9838586631e+00   -8.2793785441e+00    1.8489491022e-01    1.7953088221e+00    3.2000000000e+02    2.0415797830e-02    6.9570312500e-01
        35   -2.2301647492e+00    4.9901867838e+00   -4.0495190907e+00    1.8193543415e+00    1.9126661670e+00   -7.9716407181e+00    2.1414663836e-01    1.7953088221e+00    3.2000000000e+02    1.9875600934e-02    6.8867187500e-01
        36   -2.2217183417e+00    4.9869992323e+00   -4.0149599555e+00    1.7932416138e+00    1.9504187706e+00   -7.8845482293e+00    1.2386068115e-01    1.7953088221e+00    3.2000000000e+02    1.9728943706e-02    6.9921875000e-01
        37   -2.2427348456e+00    5.0459963236e+00   -3.9346497975e+00    1.6919149518e+00    1.9036802474e+00   -7.8215125182e+00    1.8787365132e-01    1.7953088221e+00    3.2000000000e+02    1.9278004766e-02    6.8710937500e-01
        38   -2.2251520080e+00    4.9640215514e+00   -3.8533047327e+00    1.6281527246e+00    1.9028317180e+00   -7.7715319531e+00    2.2008668037e-01    1.7953088221e+00    3.2000000000e+02    1.9985541701e-02    7.0546875000e-01
        39   -2.2345247442e+00    5.0069321536e+00   -4.0084150020e+00    1.7738902578e+00    1.9552199077e+00   -7.9129161814e+00    1.5397244963e-01    1.7953088221e+00    3.2000000000e+02    1.9375562668e-02    6.9296875000e-01
        40   -2.2536159690e+00    5.0954170739e+00   -4.1498038443e+00    1.8961878753e+00    1.9131476684e+00   -8.0164711772e+00    1.5821084242e-01    1.7953088221e+00    3.2000000000e+02    1.9569769502e-02    6.9375000000e-01
        41   -2.2393446318e+00    5.0308003283e+00   -4.0477058112e+00    1.8083611793e+00    2.0153132820e+00   -8.0089953184e+00    1.5066740313e-01    1.7953088221e+00    3.2000000000e+02    1.9878715277e-02    6.9414062500e-01
        42   -2.2270214374e+00    4.9802554722e+00   -4.3719624262e+00    2.1449409888e+00    1.9751203711e+00   -8.3400938104e+00    1.9770219096e-01    1.7953088221e+00    3.2000000000e+02    1.9810125232e-02    6.9726562500e-01
        43   -2.2380904629e+00    5.0284693966e+00   -4.1435022867e+00    1.9054118237e+00    1.9532722120e+00   -8.0524196798e+00    1.6033635906e-01    1.7953088221e+00    3.2000000000e+02    2.0072311163e-02    6.9335937500e-01
        44   -2.2248531320e+00    4.9809635604e+00   -3.9579870299e+00    1.7331338979e+00    1.9189623722e+00   -7.8557914895e+00    1.8353326537e-01    1.7953088221e+00    3.2000000000e+02    1.9325733185e-02    6.9023437500e-01
        45   -2.2360051271e+00    5.0197594710e+00   -4.0740144999e+00    1.8380093729e+00    1.9073687201e+00   -7.9183829274e+00    1.4169088538e-01    1.7953088221e+00    3.2000000000e+02    1.9655734301e-02    7.0234375000e-01
        46   -2.2324660010e+00    4.9989875378e+00   -3.9475149949e+00    1.7150489939e+00    1.9001659948e+00   -7.8303942762e+00    1.8740446452e-01    1.7953088221e+00    3.2000000000e+02    1.9486665726e-02    7.0234375000e-01
        47   -2.2229046243e+00    4.9653698045e+00   -3.9712829097e+00    1.7483782854e+00    1.9630862524e+00   -7.9790819202e+00    2.4940393603e-01    1.7953088221e+00    3.2000000000e+02    1.9959867001e-02    6.9648437500e-01
        48   -2.2243070034e+00    4.9749781884e+00   -3.9898482986e+00    1.7655412952e+00    1.9211940059e+00   -7.8824908065e+00    1.7613967983e-01    1.7953088221e+00    3.2000000000e+02    1.9706517458e-02    6.9296875000e-01
        49   -2.2217581145e+00    4.9524732456e+00   -4.2252393847e+00    2.0034812702e+00    1.9614743746e+00   -8.1820107450e+00    1.9998816358e-01    1.7953088221e+00    3.2000000000e+02    1.9374772906e-02    6.6640625000e-01
        50   -2.2464852945e+00    5.0656586632e+00   -4.1621664365e+00    1.9156811421e+00    1.9459515146e+00   -8.0696993259e+00    1.6627255266e-01    1.7953088221e+00    3.2000000000e+02    1.9325450063e-02    7.0234375000e-01
        51   -2.2389915770e+00    5.0266485483e+00   -4.2336891371e+00    1.9946975600e+00    1.8958612934e+00   -8.0817609602e+00    1.5690170767e-01    1.7953088221e+00    3.2000000000e+02    1.9708901644e-02    6.7148437500e-01
        52   -2.2237029712e+00    4.9738152915e+00   -3.9558914916e+00    1.7321885204e+00    1.9358995166e+00   -7.8519163541e+00    1.6481652393e-01    1.7953088221e+00    3.2000000000e+02    1.9775152206e-02    7.0273437500e-01
        53   -2.2426148233e+00    5.0475778367e+00   -4.0586234164e+00    1.8160085930e+00    1.9103980066e+00   -8.0378137028e+00    2.7348345775e-01    1.7953088221e+00    3.2000000000e+02    1.9843786955e-02    6.8203125000e-01
        54   -2.2484172199e+00    5.0725323639e+00   -4.1478667922e+00    1.8994495722e+00    1.9428673905e+00   -8.0686108714e+00    1.8256786672e-01    1.7953088221e+00    3.2000000000e+02    1.9656181335e-02    6.8554687500e-01
        55   -2.2693918459e+00    5.2285184438e+00   -4.0656534628e+00    1.7962616169e+00    1.9930073629e+00   -8.0394434694e+00    1.8547382165e-01    1.7953088221e+00    3.2000000000e+02    1.9632548094e-02    6.9687500000e-01
        56   -2.2350089074e+00    5.0114672559e+00   -4.0328835177e+00    1.7978746103e+00    1.9555519104e+00   -7.9260706994e+00    1.4232644923e-01    1.7953088221e+00    3.2000000000e+02    1.9832819700e-02    6.9492187500e-01
        57   -2.2515990348e+00    5.1095986887e+00   -4.0031834287e+00    1.7515843938e+00    1.9119554446e+00   -7.9229025254e+00    2.1245483012e-01    1.7953088221e+00    3.2000000000e+02    1.9870653749e-02    6.9140625000e-01
        58   -2.2369639770e+00    5.0236128040e+00   -3.9914136929e+00    1.7544497160e+00    1.9089020777e+00   -7.8635630376e+00    1.6793844481e-01    1.7953088221e+00    3.2000000000e+02    1.9664391875e-02    7.1015625000e-01
        59   -2.2439716391e+00    5.0532229529e+00   -4.3136089471e+00    2.0696373080e+00    1.9757201040e+00   -8.2381886747e+00    1.5355080151e-01    1.7953088221e+00    3.2000000000e+02    1.9660308957e-02    6.8046875000e-01
        60   -2.2328130592e+00    4.9989309674e+00   -4.2656467434e+00    2.0328336842e+00    2.0333612056e+00   -8.2802521433e+00    1.8593537225e-01    1.7953088221e+00    3.2000000000e+02    2.0028695464e-02    6.9023437500e-01
        61   -2.2271036202e+00    4.9790541501e+00   -4.1447675749e+00    1.9176639548e+00    1.9959630714e+00   -8.0701086122e+00    1.3406914372e-01    1.7953088221e+00    3.2000000000e+02    1.9928500056e-02    6.7421875000e-01
        62   -2.2308687204e+00    4.9919145773e+00   -3.8098631340e+00    1.5789944135e+00    1.9346384936e+00   -7.7926553870e+00    2.5284493728e-01    1.7953088221e+00    3.2000000000e+02    1.9483491778e-02    6.9882812500e-01
        63   -2.2340648853e+00    5.0044058754e+00   -3.9580862013e+00    1.7240213160e+00    1.8875312069e+00   -7.8081991238e+00    1.6727289356e-01    1.7953088221e+00    3.2000000000e+02    1.9644349813e-02    6.9687500000e-01
        64   -2.2502254382e+00    5.0874166138e+00   -4.0925827070e+00    1.8423572688e+00    1.9684014145e+00   -8.0439986383e+00    1.8770569466e-01    1.7953088221e+00    3.2000000000e+02    1.9783735275e-02    6.9531250000e-01
        65   -2.2430030333e+00    5.0484216241e+00   -4.1147090171e+00    1.8717059838e+00    1.8842309864e+00   -7.9552339863e+00    1.6098516066e-01    1.7953088221e+00    3.2000000000e+02    1.9355505705e-02    6.9804687500e-01
        66   -2.2319825308e+00    4.9991024431e+00   -3.9063553818e+00    1.6743728510e+00    1.9539358410e+00   -7.8280924703e+00    1.7249242540e-01    1.7953088221e+00    3.2000000000e+02    1.9989445806e-02    6.9531250000e-01
        67   -2.2481226420e+00    5.0735516851e+00   -3.8758350835e+00    1.6277124415e+00    1.9311019483e+00   -7.7658489059e+00    1.6360305205e-01    1.7953088221e+00    3.2000000000e+02    1.9711419940e-02    6.9804687500e-01
        68   -2.2463681483e+00    5.0737883307e+00   -4.1915865960e+00    1.9452184477e+00    2.0199759013e+00   -8.2338032852e+00    2.2693196579e-01    1.7953088221e+00    3.2000000000e+02    1.9992500544e-02    6.8164062500e-01
        69   -2.2262815914e+00    4.9724187579e+00   -4.2134942073e+00    1.9872126159e+00    1.9208721474e+00   -8.0694377378e+00    1.3976256104e-01    1.7953088221e+00    3.2000000000e+02    1.9349932671e-02    6.8320312500e-01
        70   -2.2299353336e+00    4.9929433347e+00   -4.0326660119e+00    1.8027306782e+00    1.9530223248e+00   -7.9194302020e+00    1.3843304330e-01    1.7953088221e+00    3.2000000000e+02    1.9519820809e-02    6.9882812500e-01
        71   -2.2387997908e+00    5.0377072516e+00   -4.2193840549e+00    1.9805842641e+00    1.8997406418e+00   -8.0937284184e+00    1.7929489958e-01    1.7953088221e+00    3.2000000000e+02    1.9557908177e-02    6.7812500000e-01
        72   -2.2454509316e+00    5.0677110245e+00   -4.1166932025e+00    1.8712422709e+00    1.8792261813e+00   -7.9602716385e+00    1.6904343258e-01    1.7953088221e+00    3.2000000000e+02    1.9305408001e-02    6.9687500000e-01
        73   -2.2421918657e+00    5.0489955778e+00   -3.9983869847e+00    1.7561951189e+00    1.9229526092e+00   -7.9601631338e+00    2.4351471787e-01    1.7953088221e+00    3.2000000000e+02    1.9472569227e-02    6.9375000000e-01
        74   -2.2309070840e+00    4.9944998947e+00   -4.3114753561e+00    2.0805682721e+00    1.9114341908e+00   -8.1693876230e+00    1.5116925401e-01    1.7953088221e+00    3.2000000000e+02    1.9461631775e-02    6.8281250000e-01
        75   -2.2402587351e+00    5.0338802981e+00   -4.0361366469e+00    1.7958779118e+00    1.9552118069e+00   -7.9641322801e+00    1.7747500425e-01    1.7953088221e+00    3.2000000000e+02    1.9701376557e-02    6.7929687500e-01
        76   -2.2400041599e+00    5.0375302100e+00   -4.2897148623e+00    2.0497107025e+00    1.9460291779e+00   -8.2006400968e+00    1.6958723450e-01    1.7953088221e+00    3.2000000000e+02    1.9670993090e-02    6.8789062500e-01
        77   -2.2356100148e+00    5.0170959264e+00   -4.1930007968e+00    1.9573907819e+00    1.9285090982e+00   -8.0598252816e+00    1.4300656449e-01    1.7953088221e+00    3.2000000000e+02    1.9953519106e-02    6.8828125000e-01
        78   -2.2384046625e+00    5.0377168607e+00   -3.9144712829e+00    1.6760666203e+00    1.8989763826e+00   -7.8311084879e+00    2.2235200040e-01    1.7953088221e+00    3.2000000000e+02    1.9645228982e-02    6.9609375000e-01
        79   -2.2387284568e+00    5.0263900362e+00   -4.0139762012e+00    1.7752477444e+00    1.9777890616e+00   -7.9513320740e+00    1.6425798911e-01    1.7953088221e+00    3.2000000000e+02    1.9829556346e-02    6.9140625000e-01
        80   -2.2367841481e+00    5.0217000687e+00   -4.2440781966e+00    2.0072940485e+00    1.9792133901e+00   -8.2259655678e+00    2.0736515896e-01    1.7953088221e+00    3.2000000000e+02    1.9626796246e-02    7.0937500000e-01
        81   -2.2297134137e+00    4.9870560548e+00   -4.0059075291e+00    1.7761941154e+00    1.9505882518e+00   -7.8962807984e+00    1.4447619551e-01    1.7953088221e+00    3.2000000000e+02    1.9685864449e-02    7.0468750000e-01
        82   -2.2274330004e+00    4.9777444925e+00   -3.9063044309e+00    1.6788714305e+00    1.8984997072e+00   -7.7101932451e+00    1.1008028500e-01    1.7953088221e+00    3.2000000000e+02    1.9597083330e-02    7.0742187500e-01
        83   -2.2287904171e+00    5.0093095489e+00   -4.2502488490e+00    2.0214584319e+00    1.9460986222e+00   -8.1684675666e+00    1.7681127330e-01    1.7953088221e+00    3.2000000000e+02    1.9997581840e-02    6.8554687500e-01
        84   -2.2520885755e+00    5.0942547197e+00   -4.2566779655e+00    2.0045893900e+00    1.9257335427e+00   -8.1446198174e+00    1.6689948711e-01    1.7953088221e+00    3.2000000000e+02    1.9802227616e-02    7.0429687500e-01
        85   -2.2404883441e+00    5.0381704427e+00   -4.3469422728e+00    2.1064539286e+00    1.9362484469e+00   -8.2612192089e+00    1.8271966716e-01    1.7953088221e+00    3.2000000000e+02    1.9683569670e-02    6.6406250000e-01
        86   -2.2362854976e+00    5.0156083293e+00   -3.9736669565e+00    1.7373814589e+00    1.9189067060e+00   -7.8686400617e+00    1.8075757711e-01    1.7953088221e+00    3.2000000000e+02    1.9440978765e-02    6.9101562500e-01
        87   -2.2283827504e+00    4.9833356635e+00   -3.9444089673e+00    1.7160262169e+00    1.9456294014e+00   -8.0053509027e+00    3.2000371199e-01    1.7953088221e+00    3.2000000000e+02    1.9572347403e-02    6.8789062500e-01
        88   -2.2380510463e+00    5.0315130395e+00   -3.9429258413e+00    1.7048747950e+00    1.9196032780e+00   -7.8756725339e+00    2.1783459257e-01    1.7953088221e+00    3.2000000000e+02    1.9556656480e-02    7.0078125000e-01
        89   -2.2271442906e+00    4.9758510276e+00   -4.1946901293e+00    1.9675458387e+00    2.0083958183e+00   -8.1604847989e+00    1.6209002918e-01    1.7953088221e+00    3.2000000000e+02    1.9994959235e-02    6.6679687500e-01
        90   -2.2479523514e+00    5.0674639196e+00   -4.1757938562e+00    1.9278415048e+00    1.9781717736e+00   -8.1201150696e+00    1.7084061767e-01    1.7953088221e+00    3.2000000000e+02    1.9824147224e-02    6.9218750000e-01
        91   -2.2605243003e+00    5.1314550937e+00   -4.2420431780e+00    1.9815188777e+00    1.9780362909e+00   -8.2181915406e+00    2.0280324961e-01    1.7953088221e+00    3.2000000000e+02    1.9540995359e-02    6.8320312500e-01
        92   -2.2307921199e+00    4.9932611165e+00   -4.0550993792e+00    1.8243072594e+00    1.9113447721e+00   -8.0081662575e+00    2.4641328416e-01    1.7953088221e+00    3.2000000000e+02    1.9443631172e-02    6.8945312500e-01
        93   -2.2383022164e+00    5.0260262867e+00   -3.8909717935e+00    1.6526695771e+00    1.9524902764e+00   -7.9125473725e+00    2.7377648052e-01    1.7953088221e+00    3.2000000000e+02    1.9816979766e-02    6.9804687500e-01
        94   -2.2245362063e+00    4.9738806936e+00   -4.0542312635e+00    1.8296950572e+00    1.9482458364e+00   -7.9259769595e+00    1.2819103747e-01    1.7953088221e+00    3.2000000000e+02    1.9808202982e-02    6.8632812500e-01
        95   -2.2363698940e+00    5.0201193166e+00   -4.3576132248e+00    2.1212433308e+00    2.0097814981e+00   -8.3523717265e+00    1.8966818147e-01    1.7953088221e+00    3.2000000000e+02    1.9746050239e-02    6.9882812500e-01
        96   -2.2412436407e+00    5.0462365727e+00   -3.9602164023e+00    1.7189727616e+00    1.8692074675e+00   -7.7875579756e+00    1.6282528376e-01    1.7953088221e+00    3.2000000000e+02    1.9497469068e-02    6.9960937500e-01
        97   -2.2357948122e+00    5.0205553517e+00   -4.6137891535e+00    2.3779943413e+00    1.9456597996e+00   -8.5506323167e+00    1.9587454156e-01    1.7953088221e+00    3.2000000000e+02    1.9651070237e-02    6.8554687500e-01
        98   -2.2465065567e+00    5.0652202397e+00   -4.4836732209e+00    2.2371666641e+00    1.9980444558e+00   -8.4205580764e+00    1.4353157765e-01    1.7953088221e+00    3.2000000000e+02    1.9947618246e-02    7.0000000000e-01
        99   -2.2294912631e+00    4.9878231334e+00   -4.2330162063e+00    2.0035249432e+00    1.9700387305e+00   -8.1330740358e+00    1.3471027696e-01    1.7953088221e+00    3.2000000000e+02    2.0297750831e-02    6.8007812500e-01
