#   index    LocalEnergy         LocalEnergy_sq      LocalPotential      Kinetic             ElecElec            IonIon              LocalECP            NonLocalECP         BlockWeight         BlockCPU            AcceptRatio         
         0   -1.2336293286e+01    1.5341523463e+02   -2.1334971058e+01    8.9986777724e+00    1.8067338241e+01    1.3050036718e+01   -5.2531449546e+01    7.9103528747e-02    8.0000000000e+01    2.1891713142e-02    4.5375000000e-01
         1   -1.2115241180e+01    1.4889835453e+02   -2.1654107129e+01    9.5388659491e+00    1.8433818115e+01    1.3050036718e+01   -5.4652102220e+01    1.5141402579e+00    8.0000000000e+01    2.1574437618e-02    4.5937500000e-01
         2   -1.1863686706e+01    1.4452046090e+02   -2.2988199676e+01    1.1124512971e+01    1.9479762227e+01    1.3050036718e+01   -5.6699810040e+01    1.1818114180e+00    8.0000000000e+01    2.1728277206e-02    4.3125000000e-01
         3   -1.2263474093e+01    1.5153365045e+02   -2.1413997702e+01    9.1505236092e+00    1.8554981638e+01    1.3050036718e+01   -5.3545364036e+01    5.2634797817e-01    8.0000000000e+01    2.1135509014e-02    4.3062500000e-01
         4   -1.2377189335e+01    1.5438674275e+02   -2.2330043755e+01    9.9528544200e+00    1.8306052422e+01    1.3050036718e+01   -5.4745425135e+01    1.0592922396e+00    8.0000000000e+01    2.1107017994e-02    4.3687500000e-01
         5   -1.2030215008e+01    1.4626616686e+02   -2.1470246666e+01    9.4400316584e+00    1.8421044678e+01    1.3050036718e+01   -5.3772274800e+01    8.3094673827e-01    8.0000000000e+01    2.1075069904e-02    4.5250000000e-01
         6   -1.1722568391e+01    1.3943611450e+02   -2.1364388450e+01    9.6418200583e+00    1.8660428806e+01    1.3050036718e+01   -5.3681082670e+01    6.0622869643e-01    8.0000000000e+01    2.0656943321e-02    4.5562500000e-01
         7   -1.2091093499e+01    1.4813208828e+02   -2.1466144012e+01    9.3750505139e+00    1.8152223642e+01    1.3050036718e+01   -5.3283628563e+01    6.1522419119e-01    8.0000000000e+01    2.0691514015e-02    4.5562500000e-01
         8   -1.2174431984e+01    1.4949200200e+02   -2.1374560492e+01    9.2001285082e+00    1.8968952084e+01    1.3050036718e+01   -5.4856979207e+01    1.4634299133e+00    8.0000000000e+01    2.1477758884e-02    4.3187500000e-01
         9   -1.1883920208e+01    1.4404902216e+02   -2.2777397264e+01    1.0893477056e+01    1.9628039684e+01    1.3050036718e+01   -5.6631085342e+01    1.1756116759e+00    8.0000000000e+01    2.1323025227e-02    3.9375000000e-01
        10   -1.2388344397e+01    1.5450687858e+02   -2.1028739066e+01    8.6403946691e+00    1.7799910953e+01    1.3050036718e+01   -5.2472246562e+01    5.9355982392e-01    8.0000000000e+01    2.0756781101e-02    4.4375000000e-01
        11   -1.1771215629e+01    1.4064879805e+02   -2.0929933858e+01    9.1587182291e+00    1.8833125913e+01    1.3050036718e+01   -5.4080785453e+01    1.2676889639e+00    8.0000000000e+01    2.1501958370e-02    4.4687500000e-01
        12   -1.1829839584e+01    1.4247882202e+02   -2.0951385983e+01    9.1215463995e+00    1.8129461148e+01    1.3050036718e+01   -5.3205039305e+01    1.0741554556e+00    8.0000000000e+01    2.0670294762e-02    4.2875000000e-01
        13   -1.1970076702e+01    1.4499723530e+02   -2.0607713791e+01    8.6376370891e+00    1.9020610898e+01    1.3050036718e+01   -5.3846046759e+01    1.1676853520e+00    8.0000000000e+01    2.1136462688e-02    4.4312500000e-01
        14   -1.1824140640e+01    1.4148042644e+02   -2.0665488987e+01    8.8413483469e+00    1.8768248765e+01    1.3050036718e+01   -5.3268976652e+01    7.8520218195e-01    8.0000000000e+01    2.1415472031e-02    4.6187500000e-01
        15   -1.2175499577e+01    1.5050431722e+02   -2.1121343909e+01    8.9458443322e+00    1.8768197688e+01    1.3050036718e+01   -5.3850091131e+01    9.1051281612e-01    8.0000000000e+01    2.1321535110e-02    4.5875000000e-01
        16   -1.1794877075e+01    1.4227922074e+02   -2.1632086650e+01    9.8372095753e+00    1.9666743804e+01    1.3050036718e+01   -5.4778329036e+01    4.2946186402e-01    8.0000000000e+01    2.2244811058e-02    4.3937500000e-01
        17   -1.2185688525e+01    1.5006683827e+02   -2.1080975549e+01    8.8952870241e+00    1.8371633738e+01    1.3050036718e+01   -5.3934016761e+01    1.4313707560e+00    8.0000000000e+01    2.1263301373e-02    4.4187500000e-01
        18   -1.2233342217e+01    1.5077273246e+02   -2.1569984731e+01    9.3366425141e+00    1.8276656857e+01    1.3050036718e+01   -5.4889749649e+01    1.9930713434e+00    8.0000000000e+01    2.1075963974e-02    4.2312500000e-01
        19   -1.2012936036e+01    1.4584674392e+02   -2.0986302417e+01    8.9733663803e+00    1.8659891980e+01    1.3050036718e+01   -5.3586497936e+01    8.9026682202e-01    8.0000000000e+01    2.1424710751e-02    4.3187500000e-01
        20   -1.1991164879e+01    1.4533054626e+02   -2.0189776604e+01    8.1986117248e+00    1.7886437677e+01    1.3050036718e+01   -5.1833910661e+01    7.0765966277e-01    8.0000000000e+01    2.0770549774e-02    4.7687500000e-01
        21   -1.2169905136e+01    1.4974088246e+02   -2.1676986139e+01    9.5070810037e+00    1.8835356353e+01    1.3050036718e+01   -5.4290078223e+01    7.2769901312e-01    8.0000000000e+01    2.1447181702e-02    4.3000000000e-01
        22   -1.2182321287e+01    1.5005996215e+02   -2.1589881518e+01    9.4075602312e+00    1.8961120727e+01    1.3050036718e+01   -5.5214527220e+01    1.6134882569e+00    8.0000000000e+01    2.2020697594e-02    4.2437500000e-01
        23   -1.1822636747e+01    1.4262375494e+02   -2.0461325590e+01    8.6386888430e+00    1.8144527800e+01    1.3050036718e+01   -5.2264727778e+01    6.0883766973e-01    8.0000000000e+01    2.0876765251e-02    4.5125000000e-01
        24   -1.1891904614e+01    1.4297729443e+02   -2.1602286022e+01    9.7103814079e+00    1.7974384139e+01    1.3050036718e+01   -5.3082921367e+01    4.5621448822e-01    8.0000000000e+01    2.0779490471e-02    4.5437500000e-01
        25   -1.2229429338e+01    1.5055941664e+02   -2.1489509732e+01    9.2600803942e+00    1.8829428971e+01    1.3050036718e+01   -5.3696501462e+01    3.2752604127e-01    8.0000000000e+01    2.1072030067e-02    4.2625000000e-01
        26   -1.2256210056e+01    1.5179259936e+02   -2.1946939482e+01    9.6907294262e+00    1.8677081523e+01    1.3050036718e+01   -5.4326788037e+01    6.5273031396e-01    8.0000000000e+01    2.1803021431e-02    4.4375000000e-01
        27   -1.1911139719e+01    1.4391326996e+02   -1.9787917959e+01    7.8767782401e+00    1.8304910671e+01    1.3050036718e+01   -5.2562974579e+01    1.4201092317e+00    8.0000000000e+01    2.0965516567e-02    4.5937500000e-01
        28   -1.2234903328e+01    1.5112654545e+02   -2.0728467760e+01    8.4935644326e+00    1.8656148087e+01    1.3050036718e+01   -5.3361323706e+01    9.2667114097e-01    8.0000000000e+01    2.1136462688e-02    4.4562500000e-01
        29   -1.2034110081e+01    1.4720469354e+02   -2.0693162735e+01    8.6590526541e+00    1.8542259903e+01    1.3050036718e+01   -5.3296198292e+01    1.0107389363e+00    8.0000000000e+01    2.1150708199e-02    4.4750000000e-01
        30   -1.2066557334e+01    1.4680827160e+02   -1.9415354569e+01    7.3487972350e+00    1.7370200939e+01    1.3050036718e+01   -5.0549797214e+01    7.1420498820e-01    8.0000000000e+01    2.0203471184e-02    4.6625000000e-01
        31   -1.2240039019e+01    1.5116821349e+02   -2.0287768174e+01    8.0477291556e+00    1.8103949963e+01    1.3050036718e+01   -5.2009470210e+01    5.6771535452e-01    8.0000000000e+01    2.1061480045e-02    4.4062500000e-01
        32   -1.2226871122e+01    1.5120262289e+02   -2.2300933998e+01    1.0074062875e+01    1.8469592659e+01    1.3050036718e+01   -5.4716868572e+01    8.9630519697e-01    8.0000000000e+01    2.1155476570e-02    4.5125000000e-01
        33   -1.2216733439e+01    1.5049977319e+02   -2.2635104443e+01    1.0418371004e+01    1.8470777714e+01    1.3050036718e+01   -5.5030003168e+01    8.7408429364e-01    8.0000000000e+01    2.1199047565e-02    4.6687500000e-01
        34   -1.2129272383e+01    1.4913032515e+02   -2.0995768349e+01    8.8664959667e+00    1.8612524169e+01    1.3050036718e+01   -5.3624178228e+01    9.6584899137e-01    8.0000000000e+01    2.0650267601e-02    4.1125000000e-01
        35   -1.2025390367e+01    1.4622285740e+02   -2.2153179562e+01    1.0127789195e+01    1.9184424176e+01    1.3050036718e+01   -5.5004896461e+01    6.1725600472e-01    8.0000000000e+01    2.1508514881e-02    4.2750000000e-01
        36   -1.1856064802e+01    1.4338825524e+02   -2.0233486032e+01    8.3774212301e+00    1.8584342526e+01    1.3050036718e+01   -5.3704795550e+01    1.8369302740e+00    8.0000000000e+01    2.1639406681e-02    4.3312500000e-01
        37   -1.2091192906e+01    1.4736442589e+02   -2.0513428580e+01    8.4222356738e+00    1.7599573749e+01    1.3050036718e+01   -5.2294033891e+01    1.1309948443e+00    8.0000000000e+01    2.0387053490e-02    4.5937500000e-01
        38   -1.2131937164e+01    1.4891221820e+02   -2.1776030067e+01    9.6440929031e+00    1.8271047846e+01    1.3050036718e+01   -5.3545449147e+01    4.4833451601e-01    8.0000000000e+01    2.1157622337e-02    4.3875000000e-01
        39   -1.2287095536e+01    1.5307658635e+02   -2.2094529588e+01    9.8074340522e+00    1.8634713593e+01    1.3050036718e+01   -5.5465062326e+01    1.6857824262e+00    8.0000000000e+01    2.1329820156e-02    4.3562500000e-01
        40   -1.2228034736e+01    1.5068745352e+02   -2.3469422422e+01    1.1241387686e+01    1.9026782895e+01    1.3050036718e+01   -5.6573838303e+01    1.0275962680e+00    8.0000000000e+01    2.1710515022e-02    4.2750000000e-01
        41   -1.2266552164e+01    1.5194128798e+02   -2.1953096416e+01    9.6865442520e+00    1.8943214290e+01    1.3050036718e+01   -5.5042587901e+01    1.0962404782e+00    8.0000000000e+01    2.1340131760e-02    4.3500000000e-01
        42   -1.2042818741e+01    1.4651906780e+02   -2.1862451726e+01    9.8196329849e+00    1.8597676164e+01    1.3050036718e+01   -5.3851273517e+01    3.4110890871e-01    8.0000000000e+01    2.1347880363e-02    4.4437500000e-01
        43   -1.2253944911e+01    1.5134728710e+02   -2.0744352264e+01    8.4904073523e+00    1.8355586698e+01    1.3050036718e+01   -5.3285910707e+01    1.1359350277e+00    8.0000000000e+01    2.1027266979e-02    4.6625000000e-01
        44   -1.2193610716e+01    1.5011407293e+02   -2.2321979901e+01    1.0128369185e+01    1.9180508078e+01    1.3050036718e+01   -5.5569447778e+01    1.0169230811e+00    8.0000000000e+01    2.1574497223e-02    4.2187500000e-01
        45   -1.2161575098e+01    1.4908324014e+02   -2.0509074542e+01    8.3474994445e+00    1.7909010743e+01    1.3050036718e+01   -5.2494520671e+01    1.0263986678e+00    8.0000000000e+01    2.0532190800e-02    4.5562500000e-01
        46   -1.2046645123e+01    1.4700889718e+02   -2.2713917777e+01    1.0667272654e+01    1.9215724607e+01    1.3050036718e+01   -5.5939366129e+01    9.5968702720e-01    8.0000000000e+01    2.1490454674e-02    4.4500000000e-01
        47   -1.1862002391e+01    1.4308889822e+02   -1.9813207787e+01    7.9512053960e+00    1.8286517380e+01    1.3050036718e+01   -5.1780567282e+01    6.3080539762e-01    8.0000000000e+01    2.0496308804e-02    4.5000000000e-01
        48   -1.2121653560e+01    1.4868498597e+02   -2.0400704372e+01    8.2790508126e+00    1.8806863170e+01    1.3050036718e+01   -5.3579479417e+01    1.3218751568e+00    8.0000000000e+01    2.0747601986e-02    4.2125000000e-01
        49   -1.1944015090e+01    1.4493720191e+02   -2.0451546842e+01    8.5075317527e+00    1.8720204499e+01    1.3050036718e+01   -5.3158344544e+01    9.3655648541e-01    8.0000000000e+01    2.0968258381e-02    4.3937500000e-01
        50   -1.2199899235e+01    1.5020673975e+02   -2.0981135541e+01    8.7812363052e+00    1.8670568923e+01    1.3050036718e+01   -5.3903424596e+01    1.2016834144e+00    8.0000000000e+01    2.1560013294e-02    4.2812500000e-01
        51   -1.2202109263e+01    1.5029850639e+02   -2.1088962868e+01    8.8868536045e+00    1.8509601905e+01    1.3050036718e+01   -5.3380668681e+01    7.3206719008e-01    8.0000000000e+01    2.1350026131e-02    4.3062500000e-01
        52   -1.2109515185e+01    1.4821355181e+02   -2.0489237465e+01    8.3797222801e+00    1.8675565036e+01    1.3050036718e+01   -5.3660773660e+01    1.4459344416e+00    8.0000000000e+01    2.1834731102e-02    4.3750000000e-01
        53   -1.2316271019e+01    1.5290341200e+02   -2.1199101162e+01    8.8828301431e+00    1.8269417981e+01    1.3050036718e+01   -5.3315876976e+01    7.9732111429e-01    8.0000000000e+01    2.1181225777e-02    4.3062500000e-01
        54   -1.2187986965e+01    1.4968736660e+02   -2.1419305786e+01    9.2313188204e+00    1.8328312896e+01    1.3050036718e+01   -5.3600118344e+01    8.0246294411e-01    8.0000000000e+01    2.1224975586e-02    4.3625000000e-01
        55   -1.2220777180e+01    1.5055306537e+02   -2.0720191338e+01    8.4994141572e+00    1.7735359818e+01    1.3050036718e+01   -5.2037231797e+01    5.3164392352e-01    8.0000000000e+01    2.0964741707e-02    4.7500000000e-01
        56   -1.2059205027e+01    1.4674271654e+02   -2.1357514031e+01    9.2983090036e+00    1.8454030022e+01    1.3050036718e+01   -5.3782948285e+01    9.2136751369e-01    8.0000000000e+01    2.0980715752e-02    4.5125000000e-01
        57   -1.2524173674e+01    1.5760492254e+02   -2.2216657429e+01    9.6924837553e+00    1.7905236526e+01    1.3050036718e+01   -5.3789512449e+01    6.1758177572e-01    8.0000000000e+01    2.1145164967e-02    4.4875000000e-01
        58   -1.1824401289e+01    1.4201429346e+02   -2.1077691821e+01    9.2532905322e+00    1.9076447441e+01    1.3050036718e+01   -5.4613395010e+01    1.4092190291e+00    8.0000000000e+01    2.1861016750e-02    4.3437500000e-01
        59   -1.2143840254e+01    1.4917269432e+02   -2.1602725933e+01    9.4588856794e+00    1.8953222405e+01    1.3050036718e+01   -5.4919659698e+01    1.3136746418e+00    8.0000000000e+01    2.2223472595e-02    4.3187500000e-01
        60   -1.2288119372e+01    1.5256766584e+02   -2.1179372351e+01    8.8912529787e+00    1.8039958063e+01    1.3050036718e+01   -5.3613323637e+01    1.3439565049e+00    8.0000000000e+01    2.0948946476e-02    4.4687500000e-01
        61   -1.2116657236e+01    1.4879961506e+02   -2.1533264863e+01    9.4166076269e+00    1.8459653850e+01    1.3050036718e+01   -5.4462057538e+01    1.4191021071e+00    8.0000000000e+01    2.0795166492e-02    4.3875000000e-01
        62   -1.2335963107e+01    1.5326791863e+02   -2.1395007977e+01    9.0590448706e+00    1.8230561083e+01    1.3050036718e+01   -5.3338605958e+01    6.6300017956e-01    8.0000000000e+01    2.1014451981e-02    4.3937500000e-01
        63   -1.1982886426e+01    1.4565665715e+02   -1.9889896769e+01    7.9070103425e+00    1.8504253752e+01    1.3050036718e+01   -5.2088855200e+01    6.4466796053e-01    8.0000000000e+01    2.0857989788e-02    4.3625000000e-01
        64   -1.2167506908e+01    1.4961477471e+02   -2.3077358408e+01    1.0909851500e+01    1.9455593384e+01    1.3050036718e+01   -5.6620396743e+01    1.0374082326e+00    8.0000000000e+01    2.2211730480e-02    4.1500000000e-01
        65   -1.2051151856e+01    1.4680301739e+02   -2.3005898686e+01    1.0954746830e+01    1.8562248370e+01    1.3050036718e+01   -5.4918291371e+01    3.0010759627e-01    8.0000000000e+01    2.1394550800e-02    4.4812500000e-01
        66   -1.2138605058e+01    1.4943971233e+02   -2.2332251090e+01    1.0193646031e+01    1.8621206393e+01    1.3050036718e+01   -5.4669334809e+01    6.6584060928e-01    8.0000000000e+01    2.1452307701e-02    4.3312500000e-01
        67   -1.2023222532e+01    1.4681341432e+02   -2.1352206803e+01    9.3289842708e+00    1.8777432948e+01    1.3050036718e+01   -5.4142117309e+01    9.6244084118e-01    8.0000000000e+01    2.1590292454e-02    4.3312500000e-01
        68   -1.2307541167e+01    1.5242952586e+02   -2.1469999457e+01    9.1624582899e+00    1.7535965727e+01    1.3050036718e+01   -5.2241341774e+01    1.8533987287e-01    8.0000000000e+01    2.0682573318e-02    4.5875000000e-01
        69   -1.1933896128e+01    1.4485769145e+02   -1.9205454821e+01    7.2715586927e+00    1.8237644168e+01    1.3050036718e+01   -5.1201945366e+01    7.0880965874e-01    8.0000000000e+01    2.0368337631e-02    4.5187500000e-01
        70   -1.2095005035e+01    1.4816461164e+02   -2.0132767104e+01    8.0377620699e+00    1.7984987647e+01    1.3050036718e+01   -5.2331091795e+01    1.1633003249e+00    8.0000000000e+01    2.0963072777e-02    4.7812500000e-01
        71   -1.1983137764e+01    1.4555850855e+02   -2.1180827910e+01    9.1976901463e+00    1.8570983463e+01    1.3050036718e+01   -5.3483272631e+01    6.8142454024e-01    8.0000000000e+01    2.1055757999e-02    4.4750000000e-01
        72   -1.2260958835e+01    1.5132529813e+02   -1.9995525143e+01    7.7345663086e+00    1.7579001572e+01    1.3050036718e+01   -5.1529308749e+01    9.0474531619e-01    8.0000000000e+01    2.0490527153e-02    4.3187500000e-01
        73   -1.2055650355e+01    1.4755943505e+02   -2.0173713577e+01    8.1180632220e+00    1.8208215186e+01    1.3050036718e+01   -5.2431240547e+01    9.9927506616e-01    8.0000000000e+01    2.0459532738e-02    4.4375000000e-01
        74   -1.1971219175e+01    1.4656124018e+02   -2.0980123006e+01    9.0089038310e+00    1.8249697718e+01    1.3050036718e+01   -5.3025760734e+01    7.4590329146e-01    8.0000000000e+01    2.1059095860e-02    4.5625000000e-01
        75   -1.2171493018e+01    1.4961931673e+02   -2.3702738404e+01    1.1531245386e+01    1.9051769755e+01    1.3050036718e+01   -5.6492715953e+01    6.8817107575e-01    8.0000000000e+01    2.1525740623e-02    4.0562500000e-01
        76   -1.2118534250e+01    1.4809631791e+02   -2.0082637063e+01    7.9641028131e+00    1.6962971250e+01    1.3050036718e+01   -5.0969514574e+01    8.7386954300e-01    8.0000000000e+01    2.0196437836e-02    4.6625000000e-01
        77   -1.2042581291e+01    1.4755773288e+02   -2.1398668845e+01    9.3560875532e+00    1.8391737791e+01    1.3050036718e+01   -5.4187989345e+01    1.3475459914e+00    8.0000000000e+01    2.1059751511e-02    4.4937500000e-01
        78   -1.2102389393e+01    1.4816191061e+02   -2.2541292966e+01    1.0438903573e+01    1.8859893650e+01    1.3050036718e+01   -5.5076323027e+01    6.2509969235e-01    8.0000000000e+01    2.1529555321e-02    4.4500000000e-01
        79   -1.2338774353e+01    1.5379963188e+02   -2.1637435760e+01    9.2986614066e+00    1.9246807783e+01    1.3050036718e+01   -5.5130073798e+01    1.1957935375e+00    8.0000000000e+01    2.2144019604e-02    4.2312500000e-01
        80   -1.2042860746e+01    1.4683567231e+02   -1.9878974353e+01    7.8361136067e+00    1.7502496414e+01    1.3050036718e+01   -5.0872894447e+01    4.4138696173e-01    8.0000000000e+01    2.1201074123e-02    4.7000000000e-01
        81   -1.2215593277e+01    1.5083118995e+02   -2.0869600060e+01    8.6540067835e+00    1.8516340749e+01    1.3050036718e+01   -5.3560379559e+01    1.1244020309e+00    8.0000000000e+01    2.1478712559e-02    4.4875000000e-01
        82   -1.2086518271e+01    1.4816314131e+02   -2.1517515156e+01    9.4309968853e+00    1.9664530763e+01    1.3050036718e+01   -5.4961152354e+01    7.2906971681e-01    8.0000000000e+01    2.2050976753e-02    4.1500000000e-01
        83   -1.1940316989e+01    1.4467091025e+02   -2.0678698522e+01    8.7383815332e+00    1.8991486243e+01    1.3050036718e+01   -5.3782994909e+01    1.0627734264e+00    8.0000000000e+01    2.1693229675e-02    4.2437500000e-01
        84   -1.1995012279e+01    1.4597602269e+02   -2.1225421575e+01    9.2304092964e+00    1.8584972833e+01    1.3050036718e+01   -5.3543376157e+01    6.8294503086e-01    8.0000000000e+01    2.0645201206e-02    4.2187500000e-01
        85   -1.2114673196e+01    1.4810984435e+02   -2.1349809225e+01    9.2351360290e+00    1.7996546416e+01    1.3050036718e+01   -5.2931683425e+01    5.3529106600e-01    8.0000000000e+01    2.0778715611e-02    4.3562500000e-01
        86   -1.1945589656e+01    1.4475541056e+02   -1.9049376313e+01    7.1037866571e+00    1.7631041773e+01    1.3050036718e+01   -5.1183286505e+01    1.4528317012e+00    8.0000000000e+01    2.0576357841e-02    4.8062500000e-01
        87   -1.2296451406e+01    1.5253991220e+02   -2.1385524122e+01    9.0890727167e+00    1.8542379619e+01    1.3050036718e+01   -5.4177399585e+01    1.1994591261e+00    8.0000000000e+01    2.1544754505e-02    4.4625000000e-01
        88   -1.2314437372e+01    1.5268548851e+02   -2.0655789227e+01    8.3413518557e+00    1.7915083956e+01    1.3050036718e+01   -5.3113548633e+01    1.4926387319e+00    8.0000000000e+01    2.0893454552e-02    4.2937500000e-01
        89   -1.1985534050e+01    1.4534253665e+02   -2.2033706845e+01    1.0048172796e+01    1.9028286524e+01    1.3050036718e+01   -5.4417165506e+01    3.0513541775e-01    8.0000000000e+01    2.1182298660e-02    4.1000000000e-01
        90   -1.1901516424e+01    1.4387638485e+02   -1.9648016096e+01    7.7464996723e+00    1.7941326080e+01    1.3050036718e+01   -5.1220920419e+01    5.8154152513e-01    8.0000000000e+01    2.1219789982e-02    4.5062500000e-01
        91   -1.2079336603e+01    1.4764321018e+02   -2.1970279448e+01    9.8909428451e+00    1.9421396848e+01    1.3050036718e+01   -5.4864403931e+01    4.2269091669e-01    8.0000000000e+01    2.2078812122e-02    4.4062500000e-01
        92   -1.2082115913e+01    1.4776833787e+02   -2.2856212915e+01    1.0774097002e+01    1.8711789773e+01    1.3050036718e+01   -5.3823814366e+01   -7.9422504000e-01    8.0000000000e+01    2.1117329597e-02    4.3562500000e-01
        93   -1.2127883963e+01    1.4821045960e+02   -2.1936195087e+01    9.8083111233e+00    1.8514616264e+01    1.3050036718e+01   -5.4545117321e+01    1.0442692532e+00    8.0000000000e+01    2.1388292313e-02    4.2750000000e-01
        94   -1.2031961222e+01    1.4667413884e+02   -2.0868969036e+01    8.8370078136e+00    1.8320451892e+01    1.3050036718e+01   -5.3043471630e+01    8.0401398471e-01    8.0000000000e+01    2.0862102509e-02    4.5875000000e-01
        95   -1.2095270842e+01    1.4752840744e+02   -2.2794500959e+01    1.0699230118e+01    1.8362035711e+01    1.3050036718e+01   -5.4236618985e+01    3.0045596739e-02    8.0000000000e+01    2.0796060562e-02    4.6250000000e-01
        96   -1.2266444137e+01    1.5202120244e+02   -2.1259679692e+01    8.9932355554e+00    1.8002350138e+01    1.3050036718e+01   -5.3067165450e+01    7.5509890129e-01    8.0000000000e+01    2.1264016628e-02    4.5375000000e-01
        97   -1.1747646487e+01    1.4191880903e+02   -2.2372040071e+01    1.0624393584e+01    1.9451407436e+01    1.3050036718e+01   -5.5830882064e+01    9.5739783858e-01    8.0000000000e+01    2.1044313908e-02    4.3875000000e-01
        98   -1.2080369831e+01    1.4800367948e+02   -2.1235981620e+01    9.1556117892e+00    1.8182655906e+01    1.3050036718e+01   -5.3223666430e+01    7.5499218662e-01    8.0000000000e+01    2.1290838718e-02    4.7062500000e-01
        99   -1.1943414684e+01    1.4423198608e+02   -2.0272651606e+01    8.3292369213e+00    1.8550306001e+01    1.3050036718e+01   -5.2535459262e+01    6.6246493705e-01    8.0000000000e+01    2.1109819412e-02    4.3062500000e-01
