#   index    LocalEnergy         LocalEnergy_sq      LocalPotential      Kinetic             ElecElec            IonIon              LocalECP            NonLocalECP         BlockWeight         BlockCPU            AcceptRatio         
         0   -2.2352377290e+00    5.0133057477e+00   -4.6776439526e+00    2.4424062236e+00    2.0712019120e+00    1.7953086932e+00   -8.6408898030e+00    9.6735245132e-02    1.6000000000e+02    5.7640806481e-03    5.6015625000e-01
         1   -2.2426863002e+00    5.0523754193e+00   -4.5409954126e+00    2.2983091124e+00    2.0080156855e+00    1.7953086932e+00   -8.3972463798e+00    5.2926588522e-02    1.6000000000e+02    5.5449445790e-03    5.8046875000e-01
         2   -2.2223265316e+00    4.9623235491e+00   -3.4816494774e+00    1.2593229459e+00    1.8788516610e+00    1.7953086932e+00   -7.4357404200e+00    2.7993058827e-01    1.6000000000e+02    1.7920954560e-03    6.0703125000e-01
         3   -2.2307873381e+00    5.0048559079e+00   -4.3099646156e+00    2.0791772775e+00    2.1115474541e+00    1.7953086932e+00   -8.4813079073e+00    2.6448714440e-01    1.6000000000e+02    1.8699483771e-03    5.6796875000e-01
         4   -2.2409553269e+00    5.0409158349e+00   -4.0238544307e+00    1.7828991038e+00    1.8960849132e+00    1.7953086932e+00   -7.9557759083e+00    2.4052787116e-01    1.6000000000e+02    1.7959037796e-03    5.6250000000e-01
         5   -2.2138117965e+00    4.9231832047e+00   -4.1221221501e+00    1.9083103536e+00    2.0163194160e+00    1.7953086932e+00   -8.1390223556e+00    2.0527209631e-01    1.6000000000e+02    3.6088852212e-03    5.6640625000e-01
         6   -2.2402075998e+00    5.0456555519e+00   -4.1753977698e+00    1.9351901699e+00    2.0211067498e+00    1.7953086932e+00   -7.9909859110e+00   -8.2730184936e-04    1.6000000000e+02    7.4678978708e-03    5.5468750000e-01
         7   -2.2225158544e+00    4.9646972392e+00   -4.0940549439e+00    1.8715390895e+00    1.9603705050e+00    1.7953086932e+00   -8.0904556487e+00    2.4072150656e-01    1.6000000000e+02    1.7702807381e-03    5.9218750000e-01
         8   -2.2441392970e+00    5.0553462742e+00   -4.1369796508e+00    1.8928403538e+00    1.8847030297e+00    1.7953086932e+00   -8.0161441280e+00    1.9915275427e-01    1.6000000000e+02    1.7203761090e-03    5.9531250000e-01
         9   -2.2442206773e+00    5.0566834648e+00   -3.9947030017e+00    1.7504823244e+00    1.9418610350e+00    1.7953086932e+00   -7.8688789280e+00    1.3700619813e-01    1.6000000000e+02    4.1867318505e-03    6.0390625000e-01
        10   -2.2586098169e+00    5.1247878551e+00   -4.3121659188e+00    2.0535561019e+00    1.8927691221e+00    1.7953086932e+00   -8.2525883837e+00    2.5234464955e-01    1.6000000000e+02    2.7925140748e-03    5.5937500000e-01
        11   -2.2615620615e+00    5.1300911869e+00   -4.0799399088e+00    1.8183778472e+00    1.9745038880e+00    1.7953086932e+00   -8.0642883832e+00    2.1453589329e-01    1.6000000000e+02    3.4992863075e-03    5.7734375000e-01
        12   -2.2196531758e+00    4.9489584106e+00   -4.6062363701e+00    2.3865831943e+00    1.9593295559e+00    1.7953086932e+00   -8.6149255611e+00    2.5405094190e-01    1.6000000000e+02    2.8244072455e-03    5.8281250000e-01
        13   -2.2340250010e+00    5.0159382021e+00   -3.9262269512e+00    1.6922019502e+00    1.9295026991e+00    1.7953086932e+00   -7.8664334312e+00    2.1539508764e-01    1.6000000000e+02    1.6840010067e-03    6.0625000000e-01
        14   -2.2453968459e+00    5.0595358729e+00   -4.1691520280e+00    1.9237551821e+00    1.8853233943e+00    1.7953086932e+00   -8.0449916070e+00    1.9520749152e-01    1.6000000000e+02    1.7003324756e-03    5.8984375000e-01
        15   -2.2274929176e+00    4.9794552362e+00   -4.1282334657e+00    1.9007405481e+00    2.0012839164e+00    1.7953086932e+00   -8.0917943745e+00    1.6696829914e-01    1.6000000000e+02    1.7454373883e-03    5.9296875000e-01
        16   -2.2532967640e+00    5.0961424637e+00   -4.1961315876e+00    1.9428348235e+00    1.9113799431e+00    1.7953086932e+00   -8.1192309857e+00    2.1641076181e-01    1.6000000000e+02    6.6189993813e-03    5.8437500000e-01
        17   -2.2678836739e+00    5.1722683652e+00   -4.1692040500e+00    1.9013203761e+00    2.0116458961e+00    1.7953086932e+00   -8.0600312275e+00    8.3872588261e-02    1.6000000000e+02    6.2701110437e-03    5.8281250000e-01
        18   -2.2597689110e+00    5.1238400609e+00   -4.3075727145e+00    2.0478038035e+00    1.9133272135e+00    1.7953086932e+00   -8.2697871654e+00    2.5357854419e-01    1.6000000000e+02    4.2514471570e-03    5.8359375000e-01
        19   -2.2388125765e+00    5.0333225594e+00   -3.8905871691e+00    1.6517745926e+00    1.9700639660e+00    1.7953086932e+00   -7.8032963846e+00    1.4733655628e-01    1.6000000000e+02    4.5711746498e-03    5.5078125000e-01
        20   -2.2425004337e+00    5.0465366155e+00   -3.9847230290e+00    1.7422225952e+00    1.9324996877e+00    1.7953086932e+00   -7.9963549552e+00    2.8382354527e-01    1.6000000000e+02    1.7385944957e-03    5.7343750000e-01
        21   -2.2379617544e+00    5.0232884907e+00   -3.8750458034e+00    1.6370840490e+00    1.9383945874e+00    1.7953086932e+00   -7.7368378102e+00    1.2808872616e-01    1.6000000000e+02    5.5211127037e-03    5.6640625000e-01
        22   -2.2384066998e+00    5.0348236338e+00   -4.0970081884e+00    1.8586014886e+00    1.9032135870e+00    1.7953086932e+00   -7.9624764955e+00    1.6694602698e-01    1.6000000000e+02    1.5520522429e-03    5.8828125000e-01
        23   -2.2290014103e+00    4.9866448132e+00   -4.4256767149e+00    2.1966753046e+00    2.0074746931e+00    1.7953086932e+00   -8.3329192643e+00    1.0445916302e-01    1.6000000000e+02    4.0030182572e-03    5.4765625000e-01
        24   -2.2440247312e+00    5.0474803547e+00   -3.9424963663e+00    1.6984716351e+00    1.9772723771e+00    1.7953086932e+00   -7.8799038392e+00    1.6482640263e-01    1.6000000000e+02    3.3567910723e-03    5.7109375000e-01
        25   -2.2486525406e+00    5.0691053215e+00   -3.7746565160e+00    1.5260039754e+00    1.8774119361e+00    1.7953086932e+00   -7.6337852191e+00    1.8640807375e-01    1.6000000000e+02    4.4474336610e-03    6.2734375000e-01
        26   -2.2750563448e+00    5.2036316662e+00   -4.9117814814e+00    2.6367251365e+00    1.9473588356e+00    1.7953086932e+00   -8.8068418246e+00    1.5239281441e-01    1.6000000000e+02    1.7387531116e-03    5.5234375000e-01
        27   -2.2535553945e+00    5.1171544016e+00   -3.6917649290e+00    1.4382095345e+00    1.9439691946e+00    1.7953086932e+00   -7.5873538874e+00    1.5631107052e-01    1.6000000000e+02    1.8046809419e-03    6.0546875000e-01
        28   -2.2382036178e+00    5.0250227836e+00   -4.4539734409e+00    2.2157698231e+00    1.9432972616e+00    1.7953086932e+00   -8.3629758056e+00    1.7039640980e-01    1.6000000000e+02    1.7709242529e-03    5.5703125000e-01
        29   -2.2265169235e+00    4.9762463282e+00   -3.9755232675e+00    1.7490063440e+00    2.0520096651e+00    1.7953086932e+00   -8.0148839726e+00    1.9204234678e-01    1.6000000000e+02    5.3735881229e-03    5.7812500000e-01
        30   -2.2422644222e+00    5.0457903314e+00   -3.9258000167e+00    1.6835355945e+00    1.9633679673e+00    1.7953086932e+00   -7.9042124184e+00    2.1973574115e-01    1.6000000000e+02    1.7493822670e-03    5.8906250000e-01
        31   -2.2273970808e+00    4.9897927158e+00   -3.8199696756e+00    1.5925725948e+00    1.8542494101e+00    1.7953086932e+00   -7.6558189643e+00    1.8629118541e-01    1.6000000000e+02    1.7358403129e-03    5.8671875000e-01
        32   -2.2279252246e+00    4.9821004473e+00   -4.2883059569e+00    2.0603807323e+00    1.9113378613e+00    1.7953086932e+00   -8.1320158710e+00    1.3706335964e-01    1.6000000000e+02    3.6604526395e-03    5.7187500000e-01
        33   -2.2566711238e+00    5.1077250755e+00   -4.2114196582e+00    1.9547485344e+00    1.8898084322e+00    1.7953086932e+00   -8.1365406375e+00    2.4000385385e-01    1.6000000000e+02    3.8291659730e-03    6.1718750000e-01
        34   -2.2402596557e+00    5.0324063841e+00   -3.8785585202e+00    1.6382988645e+00    1.9376513195e+00    1.7953086932e+00   -7.7770423543e+00    1.6552382135e-01    1.6000000000e+02    1.6648887540e-03    5.8593750000e-01
        35   -2.2312604816e+00    5.0032461996e+00   -3.8553371617e+00    1.6240766800e+00    1.9776539042e+00    1.7953086932e+00   -7.7561901014e+00    1.2789034239e-01    1.6000000000e+02    4.7436843452e-03    6.1406250000e-01
        36   -2.2292235563e+00    4.9818503712e+00   -3.8198365762e+00    1.5906130199e+00    1.9614571180e+00    1.7953086932e+00   -7.7295781680e+00    1.5297578061e-01    1.6000000000e+02    1.7375455354e-03    6.0625000000e-01
        37   -2.2438127627e+00    5.0483938222e+00   -3.6879181789e+00    1.4441054162e+00    2.0031763245e+00    1.7953086932e+00   -7.6606164667e+00    1.7421326995e-01    1.6000000000e+02    2.2368418868e-03    5.9609375000e-01
        38   -2.2391139706e+00    5.0297959780e+00   -4.2241658439e+00    1.9850518733e+00    1.9697853068e+00    1.7953086932e+00   -8.1719071966e+00    1.8264735263e-01    1.6000000000e+02    3.5564598802e-03    5.3593750000e-01
        39   -2.2424604067e+00    5.0649296330e+00   -4.2589100194e+00    2.0164496127e+00    2.0145978584e+00    1.7953086932e+00   -8.3404218484e+00    2.7160527748e-01    1.6000000000e+02    1.7842167581e-03    5.7656250000e-01
        40   -2.2290441851e+00    4.9829695273e+00   -3.7427508500e+00    1.5137066648e+00    1.9681137583e+00    1.7953086932e+00   -7.7532870264e+00    2.4711372497e-01    1.6000000000e+02    1.6070751008e-03    5.7109375000e-01
        41   -2.2349461846e+00    5.0110960624e+00   -4.1200050746e+00    1.8850588899e+00    2.0224773581e+00    1.7953086932e+00   -8.1594349496e+00    2.2164382372e-01    1.6000000000e+02    1.7373126466e-03    5.7031250000e-01
        42   -2.2343528381e+00    5.0193434083e+00   -4.2454000004e+00    2.0110471623e+00    1.9410499848e+00    1.7953086932e+00   -8.0756800301e+00    9.3921351609e-02    1.6000000000e+02    1.6974609753e-03    5.9609375000e-01
        43   -2.2356078301e+00    5.0187735845e+00   -4.0314252154e+00    1.7958173852e+00    1.8713286371e+00    1.7953086932e+00   -7.8203645905e+00    1.2230204479e-01    1.6000000000e+02    4.1446403484e-03    6.0781250000e-01
        44   -2.2466909434e+00    5.0635210286e+00   -4.0420920454e+00    1.7954011020e+00    1.9250044494e+00    1.7953086932e+00   -7.9654479178e+00    2.0304272970e-01    1.6000000000e+02    1.7208835343e-03    5.7734375000e-01
        45   -2.2206793726e+00    4.9503907398e+00   -3.8666167295e+00    1.6459373569e+00    1.9337669310e+00    1.7953086932e+00   -7.7929028193e+00    1.9721046555e-01    1.6000000000e+02    1.6544374521e-03    5.8281250000e-01
        46   -2.2441760993e+00    5.0585356294e+00   -3.9997355889e+00    1.7555594896e+00    1.8507561229e+00    1.7953086932e+00   -7.6915435969e+00    4.5743191869e-02    1.6000000000e+02    1.7010697338e-03    5.9687500000e-01
        47   -2.2322837366e+00    5.0064091552e+00   -4.0085018095e+00    1.7762180729e+00    2.0766354338e+00    1.7953086932e+00   -7.9268559396e+00    4.6410003141e-02    1.6000000000e+02    1.7317452584e-03    5.5703125000e-01
        48   -2.2359628510e+00    5.0163331764e+00   -3.8471009087e+00    1.6111380576e+00    1.8882830472e+00    1.7953086932e+00   -7.7403296944e+00    2.0963704535e-01    1.6000000000e+02    1.6562631063e-03    5.9375000000e-01
        49   -2.2403087109e+00    5.0319667798e+00   -4.2569000451e+00    2.0165913342e+00    1.8510069602e+00    1.7953086932e+00   -8.0235300733e+00    1.2031437473e-01    1.6000000000e+02    3.7304608850e-03    5.7578125000e-01
        50   -2.2321062524e+00    5.0006268273e+00   -3.7773594653e+00    1.5452532129e+00    1.9098353127e+00    1.7953086932e+00   -7.5523456045e+00    6.9842133383e-02    1.6000000000e+02    2.3952414049e-03    6.1093750000e-01
        51   -2.2282032755e+00    4.9820181548e+00   -4.3178132207e+00    2.0896099452e+00    1.9979714851e+00    1.7953086932e+00   -8.3443050048e+00    2.3321160584e-01    1.6000000000e+02    7.9340216180e-03    5.7812500000e-01
        52   -2.2289139229e+00    4.9903139657e+00   -4.0363557546e+00    1.8074418317e+00    1.9047071779e+00    1.7953086932e+00   -7.9763027156e+00    2.3993108994e-01    1.6000000000e+02    1.6823834449e-03    5.8828125000e-01
        53   -2.2476541272e+00    5.0704350453e+00   -4.3635669893e+00    2.1159128621e+00    2.0175348197e+00    1.7953086932e+00   -8.3412084002e+00    1.6479789803e-01    1.6000000000e+02    1.7898144724e-03    5.7343750000e-01
        54   -2.2567336440e+00    5.1106498057e+00   -4.4849509065e+00    2.2282172625e+00    1.9588305838e+00    1.7953086932e+00   -8.3695889587e+00    1.3049877515e-01    1.6000000000e+02    1.6818685981e-03    5.8203125000e-01
        55   -2.2050456785e+00    4.8803098060e+00   -4.1236449873e+00    1.9185993088e+00    1.9787182012e+00    1.7953086932e+00   -8.2050507686e+00    3.0737888691e-01    1.6000000000e+02    2.7090730437e-03    5.7656250000e-01
        56   -2.2456514983e+00    5.0658428850e+00   -3.9075817084e+00    1.6619302101e+00    1.8432973134e+00    1.7953086932e+00   -7.7591132003e+00    2.1292548523e-01    1.6000000000e+02    1.6884928627e-03    5.7578125000e-01
        57   -2.2416045245e+00    5.0425854344e+00   -4.2283065478e+00    1.9867020234e+00    1.9504861869e+00    1.7953086932e+00   -8.1099545309e+00    1.3585310289e-01    1.6000000000e+02    1.7318365863e-03    5.8906250000e-01
        58   -2.2560685912e+00    5.1179098017e+00   -4.6066914283e+00    2.3506228371e+00    1.8627032218e+00    1.7953086932e+00   -8.4493334584e+00    1.8463011515e-01    1.6000000000e+02    1.7213355750e-03    5.7656250000e-01
        59   -2.2214327387e+00    4.9727721559e+00   -3.9815317799e+00    1.7600990412e+00    1.9138911895e+00    1.7953086932e+00   -7.8635757762e+00    1.7284411357e-01    1.6000000000e+02    3.1309164478e-03    5.9531250000e-01
        60   -2.2403892742e+00    5.0381808244e+00   -3.8824856744e+00    1.6420964002e+00    1.9421785348e+00    1.7953086932e+00   -7.7265119596e+00    1.0653905707e-01    1.6000000000e+02    3.2067736611e-03    6.1796875000e-01
        61   -2.2324157964e+00    5.0432287417e+00   -3.9770949651e+00    1.7446791688e+00    1.9514105586e+00    1.7953086932e+00   -7.9492421557e+00    2.2542793878e-01    1.6000000000e+02    1.7050555325e-03    5.8906250000e-01
        62   -2.2178916135e+00    5.0467777689e+00   -3.8911314271e+00    1.6732398137e+00    2.0216828621e+00    1.7953086932e+00   -7.9526006909e+00    2.4447770849e-01    1.6000000000e+02    1.6980724467e-03    5.9375000000e-01
        63   -2.2321295682e+00    4.9971052305e+00   -3.8651419674e+00    1.6330123993e+00    1.9104663676e+00    1.7953086932e+00   -7.7619839597e+00    1.9106693149e-01    1.6000000000e+02    4.5813524921e-03    5.9062500000e-01
        64   -2.2342240525e+00    5.0088741646e+00   -3.8789498873e+00    1.6447258348e+00    1.9714312936e+00    1.7953086932e+00   -7.9071064623e+00    2.6141658818e-01    1.6000000000e+02    2.7598869638e-03    5.8515625000e-01
        65   -2.2441197807e+00    5.0527484284e+00   -3.8932581298e+00    1.6491383491e+00    2.0106945079e+00    1.7953086932e+00   -7.8564413529e+00    1.5718002201e-01    1.6000000000e+02    1.7095710791e-03    5.7031250000e-01
        66   -2.2526347271e+00    5.0953885106e+00   -4.6226729843e+00    2.3700382572e+00    2.0019734886e+00    1.7953086932e+00   -8.7017239532e+00    2.8176878703e-01    1.6000000000e+02    1.7846922565e-03    5.7578125000e-01
        67   -2.2468444847e+00    5.0689558873e+00   -3.9787783747e+00    1.7319338901e+00    1.9272283760e+00    1.7953086932e+00   -8.0021269967e+00    3.0081155272e-01    1.6000000000e+02    4.1944872355e-03    5.8906250000e-01
        68   -2.2459420802e+00    5.0566397487e+00   -3.6820066002e+00    1.4360645200e+00    1.8799368587e+00    1.7953086932e+00   -7.4815718249e+00    1.2431967273e-01    1.6000000000e+02    1.6616421053e-03    5.8125000000e-01
        69   -2.2489362636e+00    5.0710209461e+00   -4.0882619530e+00    1.8393256893e+00    1.8893452016e+00    1.7953086932e+00   -7.8783629866e+00    1.0544713880e-01    1.6000000000e+02    1.7116559902e-03    5.6093750000e-01
        70   -2.2296533928e+00    4.9873782727e+00   -3.9868553279e+00    1.7572019352e+00    2.0013264533e+00    1.7953086932e+00   -7.9363177742e+00    1.5282729982e-01    1.6000000000e+02    1.7110218469e-03    5.7421875000e-01
        71   -2.2512050960e+00    5.0821142891e+00   -4.4904100324e+00    2.2392049365e+00    1.9170189763e+00    1.7953086932e+00   -8.3588937817e+00    1.5615607974e-01    1.6000000000e+02    6.5334488754e-03    5.8203125000e-01
        72   -2.2426596340e+00    5.0464064362e+00   -4.2060975144e+00    1.9634378804e+00    1.8586451346e+00    1.7953086932e+00   -8.0515056442e+00    1.9145430203e-01    1.6000000000e+02    5.6826008658e-03    5.9609375000e-01
        73   -2.2072219871e+00    4.9495764692e+00   -3.4396922513e+00    1.2324702642e+00    1.9434802279e+00    1.7953086932e+00   -7.6785693328e+00    5.0008816036e-01    1.6000000000e+02    2.8268879687e-03    6.1171875000e-01
        74   -2.2378394637e+00    5.0233135138e+00   -4.1505972634e+00    1.9127577996e+00    1.9889467347e+00    1.7953086932e+00   -8.0652518657e+00    1.3039917439e-01    1.6000000000e+02    7.9637526069e-03    5.7031250000e-01
        75   -2.2440938236e+00    5.0512581737e+00   -3.9013962629e+00    1.6573024393e+00    2.0059287050e+00    1.7953086932e+00   -7.7910628334e+00    8.8429172281e-02    1.6000000000e+02    5.0405906513e-03    5.7890625000e-01
        76   -2.2227341611e+00    4.9673170918e+00   -4.2913503037e+00    2.0686161426e+00    2.0206398679e+00    1.7953086932e+00   -8.3924609977e+00    2.8516213280e-01    1.6000000000e+02    4.5045977458e-03    5.8671875000e-01
        77   -2.2511619254e+00    5.0869412917e+00   -4.4523370180e+00    2.2011750926e+00    2.0219076021e+00    1.7953086932e+00   -8.4113541517e+00    1.4180083845e-01    1.6000000000e+02    2.4684269738e-03    5.6406250000e-01
        78   -2.2649848819e+00    5.1464516587e+00   -4.1911613192e+00    1.9261764373e+00    1.9288732298e+00    1.7953086932e+00   -8.1158487527e+00    2.0050551048e-01    1.6000000000e+02    3.6722192017e-03    5.7421875000e-01
        79   -2.2524050314e+00    5.0885952918e+00   -4.4058914662e+00    2.1534864348e+00    1.8855932268e+00    1.7953086932e+00   -8.2141805265e+00    1.2738714021e-01    1.6000000000e+02    3.1494841096e-03    5.8203125000e-01
        80   -2.2478466413e+00    5.0738139379e+00   -4.2277318212e+00    1.9798851799e+00    1.9617027012e+00    1.7953086932e+00   -8.1602880839e+00    1.7554486822e-01    1.6000000000e+02    1.6870492836e-03    5.6875000000e-01
        81   -2.2437413047e+00    5.0539885908e+00   -3.8536346435e+00    1.6098933388e+00    1.9620661742e+00    1.7953086932e+00   -7.8037684711e+00    1.9275896016e-01    1.6000000000e+02    3.7352346117e-03    5.7968750000e-01
        82   -2.2642716032e+00    5.1425425219e+00   -4.1626855446e+00    1.8984139414e+00    2.0482612822e+00    1.7953086932e+00   -8.2096930023e+00    2.0343748232e-01    1.6000000000e+02    6.3038967783e-03    5.6640625000e-01
        83   -2.2548255025e+00    5.1052529025e+00   -4.7020112190e+00    2.4471857165e+00    2.0108499784e+00    1.7953086932e+00   -8.7517190458e+00    2.4354915518e-01    1.6000000000e+02    3.1622113020e-03    5.9687500000e-01
        84   -2.2476959846e+00    5.0725632172e+00   -4.2576708975e+00    2.0099749129e+00    1.9156870154e+00    1.7953086932e+00   -7.9415014925e+00   -2.7165113625e-02    1.6000000000e+02    5.7133172813e-03    5.7031250000e-01
        85   -2.2076294983e+00    4.9421184659e+00   -4.2331072111e+00    2.0254777129e+00    1.9536254641e+00    1.7953086932e+00   -8.0078646236e+00    2.5823255145e-02    1.6000000000e+02    3.1974597077e-03    6.0234375000e-01
        86   -2.2495710037e+00    5.0890292582e+00   -4.5407285768e+00    2.2911575730e+00    2.0028841634e+00    1.7953086932e+00   -8.7380953300e+00    3.9917389664e-01    1.6000000000e+02    2.6214073296e-03    5.7421875000e-01
        87   -2.2317843575e+00    5.0058547715e+00   -4.4876014690e+00    2.2558171115e+00    1.9695691941e+00    1.7953086932e+00   -8.3559988585e+00    1.0351950207e-01    1.6000000000e+02    1.7145396268e-03    5.7578125000e-01
        88   -2.2245444022e+00    4.9676764074e+00   -4.2035745354e+00    1.9790301331e+00    1.9015999954e+00    1.7953086932e+00   -8.1228950531e+00    2.2241182900e-01    1.6000000000e+02    6.1780849064e-03    5.9687500000e-01
        89   -2.2487253699e+00    5.0759916025e+00   -4.4079182349e+00    2.1591928650e+00    2.0646275672e+00    1.7953086932e+00   -8.4259947874e+00    1.5814029207e-01    1.6000000000e+02    5.9072486474e-03    5.5234375000e-01
        90   -2.2643157478e+00    5.1562737958e+00   -4.1334650439e+00    1.8691492961e+00    1.9576405121e+00    1.7953086932e+00   -7.9990969640e+00    1.1268271484e-01    1.6000000000e+02    1.7331840063e-03    6.1093750000e-01
        91   -2.2009109313e+00    4.9278515590e+00   -4.1089098330e+00    1.9079989018e+00    1.9510836905e+00    1.7953086932e+00   -7.9359619300e+00    8.0659713190e-02    1.6000000000e+02    1.7014443874e-03    5.8828125000e-01
        92   -2.2363457434e+00    5.0549037816e+00   -4.1189980814e+00    1.8826523380e+00    1.9495054302e+00    1.7953086932e+00   -7.9953705211e+00    1.3155831628e-01    1.6000000000e+02    1.7435716582e-03    5.6640625000e-01
        93   -2.2612471905e+00    5.1382355258e+00   -4.3697768320e+00    2.1085296415e+00    1.9100910451e+00    1.7953086932e+00   -8.2601326909e+00    1.8495612062e-01    1.6000000000e+02    1.6801740567e-03    5.8125000000e-01
        94   -2.2553114412e+00    5.1098249401e+00   -5.0057140664e+00    2.7504026253e+00    1.9585153232e+00    1.7953086932e+00   -8.9581264674e+00    1.9858838461e-01    1.6000000000e+02    1.6597976792e-03    5.4687500000e-01
        95   -2.2285024423e+00    4.9878201766e+00   -4.4817761228e+00    2.2532736805e+00    1.8652165253e+00    1.7953086932e+00   -8.3732340161e+00    2.3093267471e-01    1.6000000000e+02    1.6165290144e-03    5.6015625000e-01
        96   -2.2472745782e+00    5.0673044947e+00   -4.2926803816e+00    2.0454058034e+00    1.9155408271e+00    1.7953086932e+00   -8.2311949165e+00    2.2766501452e-01    1.6000000000e+02    6.2352676177e-03    5.6171875000e-01
        97   -2.2278933550e+00    5.0034894081e+00   -4.2806127929e+00    2.0527194379e+00    1.9475585530e+00    1.7953086932e+00   -8.2613896108e+00    2.3790957163e-01    1.6000000000e+02    3.5904814431e-03    5.7578125000e-01
        98   -2.2293946552e+00    4.9908115463e+00   -4.0361907830e+00    1.8067961278e+00    1.8830873331e+00    1.7953086932e+00   -7.8830839888e+00    1.6849717954e-01    1.6000000000e+02    1.6411662509e-03    6.0468750000e-01
        99   -2.2300677694e+00    4.9929918366e+00   -4.2311714373e+00    2.0011036679e+00    1.9362309122e+00    1.7953086932e+00   -8.1861288668e+00    2.2341782415e-01    1.6000000000e+02    3.1411858217e-03    5.9140625000e-01
