#   index    LocalEnergy         LocalEnergy_sq      LocalPotential      Kinetic             ElecElec            IonIon              LocalECP            NonLocalECP         BlockWeight         BlockCPU            AcceptRatio         
         0   -1.2484871262e+01    1.5610321505e+02   -2.1953845358e+01    9.4689740959e+00    1.8165887150e+01    1.3050037665e+01   -5.4276046380e+01    1.1062762072e+00    4.0000000000e+02    8.5612904429e+00    4.7065000000e-01
         1   -1.2416878026e+01    1.5437984174e+02   -2.2939198217e+01    1.0522320191e+01    1.8542714159e+01    1.3050037665e+01   -5.5411568194e+01    8.7961815318e-01    4.0000000000e+02    8.7722012997e+00    4.7585000000e-01
         2   -1.2479801534e+01    1.5593538227e+02   -2.2257347424e+01    9.7775458905e+00    1.8173704441e+01    1.3050037665e+01   -5.4708903152e+01    1.2278136221e+00    4.0000000000e+02    8.6359327435e+00    4.7690000000e-01
         3   -1.2436196347e+01    1.5481442219e+02   -2.2958029479e+01    1.0521833132e+01    1.8274291208e+01    1.3050037665e+01   -5.5245587498e+01    9.6322914603e-01    4.0000000000e+02    8.7149749398e+00    4.7215000000e-01
         4   -1.2448770391e+01    1.5512124719e+02   -2.2575814524e+01    1.0127044132e+01    1.7981258409e+01    1.3050037665e+01   -5.4743282090e+01    1.1361714925e+00    4.0000000000e+02    8.6046566963e+00    4.6510000000e-01
         5   -1.2476650728e+01    1.5589201159e+02   -2.2352105630e+01    9.8754549019e+00    1.8141692423e+01    1.3050037665e+01   -5.4323411061e+01    7.7957534289e-01    4.0000000000e+02    8.6097695231e+00    4.6895000000e-01
         6   -1.2439026570e+01    1.5492848344e+02   -2.1573715782e+01    9.1346892115e+00    1.7917764111e+01    1.3050037665e+01   -5.3811145618e+01    1.2696280612e+00    4.0000000000e+02    8.4824637175e+00    4.7500000000e-01
         7   -1.2478675978e+01    1.5590643692e+02   -2.1833048834e+01    9.3543728562e+00    1.8060500273e+01    1.3050037665e+01   -5.3961478754e+01    1.0178919816e+00    4.0000000000e+02    8.5696982145e+00    4.7840000000e-01
         8   -1.2450074854e+01    1.5513366880e+02   -2.2380204985e+01    9.9301301310e+00    1.8218036233e+01    1.3050037665e+01   -5.4535696353e+01    8.8741747057e-01    4.0000000000e+02    8.6766911745e+00    4.7280000000e-01
         9   -1.2437785344e+01    1.5491857746e+02   -2.1901898057e+01    9.4641127131e+00    1.7915624334e+01    1.3050037665e+01   -5.3875900285e+01    1.0083402283e+00    4.0000000000e+02    8.5188737512e+00    4.6875000000e-01
        10   -1.2407986137e+01    1.5418546838e+02   -2.2041825491e+01    9.6338393543e+00    1.8036365576e+01    1.3050037665e+01   -5.4231113531e+01    1.1028847994e+00    4.0000000000e+02    8.5823984742e+00    4.6800000000e-01
        11   -1.2436054566e+01    1.5481328548e+02   -2.2326612450e+01    9.8905578842e+00    1.8414363964e+01    1.3050037665e+01   -5.4834830272e+01    1.0438161932e+00    4.0000000000e+02    8.6840232015e+00    4.7540000000e-01
        12   -1.2419522804e+01    1.5441066695e+02   -2.2270930526e+01    9.8514077213e+00    1.8270622821e+01    1.3050037665e+01   -5.4651797460e+01    1.0602064486e+00    4.0000000000e+02    8.6276865005e+00    4.6970000000e-01
        13   -1.2413448464e+01    1.5431461151e+02   -2.2254779728e+01    9.8413312640e+00    1.8051530717e+01    1.3050037665e+01   -5.4470681708e+01    1.1143335977e+00    4.0000000000e+02    8.6242930889e+00    4.6745000000e-01
        14   -1.2452991575e+01    1.5526881342e+02   -2.1873462972e+01    9.4204713971e+00    1.8128483682e+01    1.3050037665e+01   -5.3855480986e+01    8.0349666818e-01    4.0000000000e+02    8.5169281363e+00    4.7275000000e-01
        15   -1.2442595262e+01    1.5500689786e+02   -2.2347945693e+01    9.9053504312e+00    1.8107844402e+01    1.3050037665e+01   -5.4686794947e+01    1.1809671868e+00    4.0000000000e+02    8.6291437745e+00    4.6215000000e-01
        16   -1.2481071098e+01    1.5592973790e+02   -2.1752544314e+01    9.2714732158e+00    1.7898188612e+01    1.3050037665e+01   -5.3411890095e+01    7.1111950399e-01    4.0000000000e+02    8.4636837244e+00    4.7215000000e-01
        17   -1.2462006819e+01    1.5543604913e+02   -2.2006884151e+01    9.5448773326e+00    1.8361042627e+01    1.3050037665e+01   -5.4770360637e+01    1.3523961937e+00    4.0000000000e+02    8.6148695350e+00    4.7870000000e-01
        18   -1.2427621919e+01    1.5463313623e+02   -2.2510316504e+01    1.0082694585e+01    1.8145057037e+01    1.3050037665e+01   -5.4365708699e+01    6.6029749343e-01    4.0000000000e+02    8.5048751831e+00    4.7130000000e-01
        19   -1.2401646435e+01    1.5398402750e+02   -2.2079212691e+01    9.6775662566e+00    1.8236167719e+01    1.3050037665e+01   -5.4339739343e+01    9.7432126759e-01    4.0000000000e+02    8.5990793109e+00    4.6745000000e-01
        20   -1.2436813774e+01    1.5487901412e+02   -2.2096553930e+01    9.6597401551e+00    1.8234757276e+01    1.3050037665e+01   -5.4526422465e+01    1.1450735943e+00    4.0000000000e+02    8.6131183505e+00    4.7860000000e-01
        21   -1.2437722740e+01    1.5483479590e+02   -2.2437921758e+01    1.0000199018e+01    1.8116407456e+01    1.3050037665e+01   -5.4595970591e+01    9.9160371199e-01    4.0000000000e+02    8.6434115171e+00    4.7300000000e-01
        22   -1.2408126841e+01    1.5430611002e+02   -2.2268828207e+01    9.8607013663e+00    1.8053387222e+01    1.3050037665e+01   -5.4473214812e+01    1.1009617178e+00    4.0000000000e+02    8.4889345169e+00    4.6680000000e-01
        23   -1.2424969059e+01    1.5456509601e+02   -2.2442050004e+01    1.0017080945e+01    1.8221988318e+01    1.3050037665e+01   -5.4686098608e+01    9.7202262169e-01    4.0000000000e+02    8.6927049160e+00    4.7110000000e-01
        24   -1.2451092546e+01    1.5522556209e+02   -2.2231027733e+01    9.7799351867e+00    1.8182065836e+01    1.3050037665e+01   -5.4386837801e+01    9.2370656759e-01    4.0000000000e+02    8.5984596610e+00    4.7265000000e-01
        25   -1.2394173526e+01    1.5397209812e+02   -2.1850237463e+01    9.4560639365e+00    1.7723114187e+01    1.3050037665e+01   -5.3615456855e+01    9.9206754066e-01    4.0000000000e+02    8.3866634369e+00    4.6965000000e-01
        26   -1.2472554430e+01    1.5602328398e+02   -2.2600803226e+01    1.0128248795e+01    1.8011424864e+01    1.3050037665e+01   -5.4442518709e+01    7.8025295443e-01    4.0000000000e+02    8.5595408678e+00    4.7080000000e-01
        27   -1.2462932467e+01    1.5546068038e+02   -2.2136506168e+01    9.6735737008e+00    1.8327995826e+01    1.3050037665e+01   -5.4575753715e+01    1.0612140574e+00    4.0000000000e+02    8.7050010562e+00    4.6680000000e-01
        28   -1.2399925387e+01    1.5394583995e+02   -2.2597149383e+01    1.0197223996e+01    1.8090502391e+01    1.3050037665e+01   -5.4499445976e+01    7.6175653709e-01    4.0000000000e+02    8.6356797814e+00    4.7070000000e-01
        29   -1.2451343981e+01    1.5519066391e+02   -2.2069910647e+01    9.6185666662e+00    1.7982379911e+01    1.3050037665e+01   -5.4102172455e+01    9.9984423184e-01    4.0000000000e+02    8.5790333152e+00    4.7630000000e-01
        30   -1.2424027148e+01    1.5449713755e+02   -2.2130765445e+01    9.7067382970e+00    1.8213475895e+01    1.3050037665e+01   -5.4188378431e+01    7.9409942626e-01    4.0000000000e+02    8.6398273110e+00    4.7020000000e-01
        31   -1.2360918274e+01    1.5295325941e+02   -2.1820274636e+01    9.4593563620e+00    1.7907931152e+01    1.3050037665e+01   -5.3871664541e+01    1.0934210888e+00    4.0000000000e+02    8.5656793118e+00    4.7355000000e-01
        32   -1.2457746569e+01    1.5544756438e+02   -2.2021112402e+01    9.5633658329e+00    1.8192162025e+01    1.3050037665e+01   -5.4388981741e+01    1.1256696496e+00    4.0000000000e+02    8.6809475422e+00    4.6905000000e-01
        33   -1.2448706284e+01    1.5515497691e+02   -2.2413053675e+01    9.9643473911e+00    1.8354637807e+01    1.3050037665e+01   -5.5099559293e+01    1.2818301458e+00    4.0000000000e+02    8.6926815510e+00    4.7340000000e-01
        34   -1.2447129552e+01    1.5515690837e+02   -2.2197106208e+01    9.7499766558e+00    1.7901501679e+01    1.3050037665e+01   -5.4024743037e+01    8.7609748486e-01    4.0000000000e+02    8.6327134371e+00    4.7085000000e-01
        35   -1.2392658942e+01    1.5369583506e+02   -2.2149051256e+01    9.7563923138e+00    1.8314172346e+01    1.3050037665e+01   -5.4511054407e+01    9.9779314049e-01    4.0000000000e+02    8.6572147608e+00    4.6690000000e-01
        36   -1.2433272951e+01    1.5472035875e+02   -2.2105340100e+01    9.6720671481e+00    1.7980155899e+01    1.3050037665e+01   -5.4004802865e+01    8.6926920167e-01    4.0000000000e+02    8.5487144589e+00    4.7010000000e-01
        37   -1.2424221793e+01    1.5450845785e+02   -2.2153692071e+01    9.7294702787e+00    1.8311784930e+01    1.3050037665e+01   -5.4590413091e+01    1.0748984247e+00    4.0000000000e+02    8.5619047880e+00    4.7515000000e-01
        38   -1.2439662431e+01    1.5491907853e+02   -2.2029487710e+01    9.5898252787e+00    1.7990137438e+01    1.3050037665e+01   -5.4084573373e+01    1.0149105602e+00    4.0000000000e+02    8.5520312190e+00    4.6795000000e-01
        39   -1.2426176165e+01    1.5456244534e+02   -2.1257077499e+01    8.8309013340e+00    1.7685721758e+01    1.3050037665e+01   -5.3061096787e+01    1.0682598654e+00    4.0000000000e+02    8.3713877797e+00    4.7265000000e-01
