#   index    LocalEnergy         LocalEnergy_sq      LocalPotential      Kinetic             ElecElec            IonIon              LocalECP            NonLocalECP         BlockWeight         BlockCPU            AcceptRatio         
         0   -2.1956147238e+00    4.8515544873e+00   -4.0541546017e+00    1.8585398779e+00    2.0533243547e+00    1.7953086932e+00   -8.0332309069e+00    1.3044325729e-01    1.6000000000e+02    1.8113997357e-03    5.8281250000e-01
         1   -2.2313339684e+00    4.9935942906e+00   -4.1963080815e+00    1.9649741131e+00    1.8980106816e+00    1.7953086932e+00   -7.9857843791e+00    9.6156922897e-02    1.6000000000e+02    1.0737805220e-02    6.0312500000e-01
         2   -2.1976500558e+00    4.8589638055e+00   -4.0664451298e+00    1.8687950739e+00    1.8836004908e+00    1.7953086932e+00   -7.8851428210e+00    1.3978850715e-01    1.6000000000e+02    3.7644969998e-03    5.9453125000e-01
         3   -2.2448550193e+00    5.0606425140e+00   -4.2601188673e+00    2.0152638479e+00    2.0017081385e+00    1.7953086932e+00   -8.1937389241e+00    1.3660322510e-01    1.6000000000e+02    3.7161825167e-03    5.7500000000e-01
         4   -2.2348736962e+00    5.0129596510e+00   -3.8562860037e+00    1.6214123075e+00    1.9632974652e+00    1.7953086932e+00   -7.7164886263e+00    1.0159646414e-01    1.6000000000e+02    3.2186731405e-03    5.7656250000e-01
         5   -2.2403269963e+00    5.0391266260e+00   -3.8294022963e+00    1.5890753000e+00    1.8980794922e+00    1.7953086932e+00   -7.7492580267e+00    2.2646754499e-01    1.6000000000e+02    3.2423819939e-03    6.0468750000e-01
         6   -2.2458725579e+00    5.0603562133e+00   -4.1627193542e+00    1.9168467963e+00    2.0121964731e+00    1.7953086932e+00   -8.0744787638e+00    1.0425424323e-01    1.6000000000e+02    2.3117925739e-03    5.9296875000e-01
         7   -2.2440443170e+00    5.0695780771e+00   -4.3059162217e+00    2.0618719048e+00    2.0594961883e+00    1.7953086932e+00   -8.4484146124e+00    2.8769350911e-01    1.6000000000e+02    3.8026913826e-03    5.7812500000e-01
         8   -2.2306071744e+00    4.9951443537e+00   -4.2615658320e+00    2.0309586576e+00    2.0424442351e+00    1.7953086932e+00   -8.3634817658e+00    2.6416300548e-01    1.6000000000e+02    2.7772203321e-03    5.6640625000e-01
         9   -2.2285172165e+00    4.9928031577e+00   -3.8959534616e+00    1.6674362451e+00    1.9606794671e+00    1.7953086932e+00   -7.7858857995e+00    1.3394417761e-01    1.6000000000e+02    3.2006589172e-03    5.8671875000e-01
        10   -2.2651333260e+00    5.1597533058e+00   -4.7020425586e+00    2.4369092326e+00    1.9544938652e+00    1.7953086932e+00   -8.5823489332e+00    1.3050381615e-01    1.6000000000e+02    1.7300745239e-03    5.6015625000e-01
        11   -2.2460142031e+00    5.0590003679e+00   -4.0451496438e+00    1.7991354407e+00    1.9513236909e+00    1.7953086932e+00   -7.9416304308e+00    1.4984840291e-01    1.6000000000e+02    1.7779111513e-03    5.6562500000e-01
        12   -2.2359332976e+00    5.0179402053e+00   -4.1213645046e+00    1.8854312070e+00    1.9286333235e+00    1.7953086932e+00   -8.0031295858e+00    1.5782306460e-01    1.6000000000e+02    4.7539978113e-03    5.6718750000e-01
        13   -2.2349435402e+00    5.0205133733e+00   -4.2620777318e+00    2.0271341915e+00    1.9712083606e+00    1.7953086932e+00   -8.2752022331e+00    2.4660744749e-01    1.6000000000e+02    6.4787870215e-03    5.8359375000e-01
        14   -2.2259812150e+00    4.9886134301e+00   -3.8122283416e+00    1.5862471266e+00    1.9767668029e+00    1.7953086932e+00   -7.6335927736e+00    4.9288935901e-02    1.6000000000e+02    6.2509748386e-03    5.8671875000e-01
        15   -2.2406422712e+00    5.0371874444e+00   -4.1924425948e+00    1.9518003236e+00    1.9617587926e+00    1.7953086932e+00   -8.2163792052e+00    2.6686912450e-01    1.6000000000e+02    8.2579325826e-03    5.8671875000e-01
        16   -2.2337113481e+00    5.0132937118e+00   -4.0560071198e+00    1.8222957716e+00    1.9549748034e+00    1.7953086932e+00   -7.9794778304e+00    1.7318721397e-01    1.6000000000e+02    4.7527641000e-03    5.8750000000e-01
        17   -2.2511085743e+00    5.0972233209e+00   -3.8607334748e+00    1.6096249006e+00    1.9916013753e+00    1.7953086932e+00   -7.8657226516e+00    2.1807910832e-01    1.6000000000e+02    6.4995273715e-03    6.1093750000e-01
        18   -2.2270890011e+00    5.0011618204e+00   -4.2025723596e+00    1.9754833585e+00    2.0162950043e+00    1.7953086932e+00   -8.0786726654e+00    6.4496608347e-02    1.6000000000e+02    1.7547258467e-03    5.5468750000e-01
        19   -2.2325349975e+00    5.0048371985e+00   -3.8172612487e+00    1.5847262511e+00    1.8877368342e+00    1.7953086932e+00   -7.6856358522e+00    1.8532907616e-01    1.6000000000e+02    1.6998537758e-03    6.0546875000e-01
        20   -2.2523535729e+00    5.1001188010e+00   -3.8772701351e+00    1.6249165622e+00    2.0125492319e+00    1.7953086932e+00   -7.8518782655e+00    1.6675020529e-01    1.6000000000e+02    5.7668073568e-03    5.7421875000e-01
        21   -2.2349571836e+00    5.0101410483e+00   -4.1487611860e+00    1.9138040024e+00    1.9608539805e+00    1.7953086932e+00   -8.0829217782e+00    1.7799791853e-01    1.6000000000e+02    6.2294834061e-03    5.7421875000e-01
        22   -2.2442596049e+00    5.0622671479e+00   -4.2265093550e+00    1.9822497501e+00    1.9165447787e+00    1.7953086932e+00   -8.2238073013e+00    2.8544447447e-01    1.6000000000e+02    5.1997381379e-03    5.7656250000e-01
        23   -2.2558615711e+00    5.1124984764e+00   -4.2276629179e+00    1.9718013468e+00    1.8937426345e+00    1.7953086932e+00   -8.1488644949e+00    2.3215024929e-01    1.6000000000e+02    4.2147435015e-03    6.0312500000e-01
        24   -2.2259162357e+00    4.9687220055e+00   -3.9650155628e+00    1.7390993271e+00    2.0498822671e+00    1.7953086932e+00   -7.9920128014e+00    1.8180627826e-01    1.6000000000e+02    3.8190082996e-03    5.6484375000e-01
        25   -2.2400539281e+00    5.0290684552e+00   -3.9163636037e+00    1.6763096756e+00    1.9887395071e+00    1.7953086932e+00   -7.8421118315e+00    1.4170002751e-01    1.6000000000e+02    3.7491029361e-03    5.8125000000e-01
        26   -2.2497630624e+00    5.0899097628e+00   -3.9676861156e+00    1.7179230532e+00    2.0096592707e+00    1.7953086932e+00   -8.0146671924e+00    2.4201311289e-01    1.6000000000e+02    4.1720994923e-03    5.8203125000e-01
        27   -2.2581492644e+00    5.1316594665e+00   -4.2282821546e+00    1.9701328902e+00    2.0779098397e+00    1.7953086932e+00   -8.3584771015e+00    2.5697641395e-01    1.6000000000e+02    9.2818318808e-03    5.6015625000e-01
        28   -2.2501601982e+00    5.0825906876e+00   -3.8753130362e+00    1.6251528380e+00    1.9888740145e+00    1.7953086932e+00   -7.8612384861e+00    2.0174274221e-01    1.6000000000e+02    8.8832940964e-03    6.1093750000e-01
        29   -2.2569381510e+00    5.1119748133e+00   -3.8697479381e+00    1.6128097870e+00    1.9260080536e+00    1.7953086932e+00   -7.6706026529e+00    7.9537968100e-02    1.6000000000e+02    4.7133368207e-03    5.8359375000e-01
        30   -2.2373982618e+00    5.0198669611e+00   -4.1560760790e+00    1.9186778172e+00    1.9414572053e+00    1.7953086932e+00   -8.1326688681e+00    2.3982689056e-01    1.6000000000e+02    4.1214332450e-03    5.6796875000e-01
        31   -2.2518917467e+00    5.0885592644e+00   -3.9533026911e+00    1.7014109445e+00    1.8987395982e+00    1.7953086932e+00   -7.7658939316e+00    1.1854294896e-01    1.6000000000e+02    4.2318043998e-03    6.0390625000e-01
        32   -2.2180181349e+00    4.9698206657e+00   -3.9057756949e+00    1.6877575600e+00    1.8846786479e+00    1.7953086932e+00   -7.8566159905e+00    2.7085295441e-01    1.6000000000e+02    7.6291398727e-03    6.0859375000e-01
        33   -2.2369760638e+00    5.0262112443e+00   -4.0223863891e+00    1.7854103253e+00    1.9375395133e+00    1.7953086932e+00   -7.8602933554e+00    1.0505875978e-01    1.6000000000e+02    5.2200078499e-03    5.5703125000e-01
        34   -2.2573903893e+00    5.1173681317e+00   -4.0616421915e+00    1.8042518022e+00    1.8887687548e+00    1.7953086932e+00   -7.8864130512e+00    1.4069341174e-01    1.6000000000e+02    4.7341441386e-03    5.7890625000e-01
        35   -2.2515987967e+00    5.1126762108e+00   -4.2515339130e+00    1.9999351163e+00    2.0108658150e+00    1.7953086932e+00   -8.1281299198e+00    7.0421498587e-02    1.6000000000e+02    5.7421051315e-03    5.6640625000e-01
        36   -2.2529943671e+00    5.0982949499e+00   -4.0076041322e+00    1.7546097651e+00    1.8990702413e+00    1.7953086932e+00   -7.8522605236e+00    1.5027745687e-01    1.6000000000e+02    4.7387621016e-03    5.9609375000e-01
        37   -2.2556016458e+00    5.1004682487e+00   -3.7273560651e+00    1.4717544193e+00    1.8734595142e+00    1.7953086932e+00   -7.5161755560e+00    1.2005128349e-01    1.6000000000e+02    4.7872304567e-03    6.1328125000e-01
        38   -2.2517887116e+00    5.0888601598e+00   -4.1106331065e+00    1.8588443949e+00    1.8808103309e+00    1.7953086932e+00   -7.9091432545e+00    1.2239112385e-01    1.6000000000e+02    5.2066940407e-03    6.1015625000e-01
        39   -2.2361498466e+00    5.0196396175e+00   -3.9091378134e+00    1.6729879668e+00    2.0140753071e+00    1.7953086932e+00   -7.9479311770e+00    2.2940936322e-01    1.6000000000e+02    2.2823562322e-03    5.9765625000e-01
        40   -2.2480826326e+00    5.0699546871e+00   -4.1154330449e+00    1.8673504124e+00    1.8796249988e+00    1.7953086932e+00   -7.9423039880e+00    1.5193725106e-01    1.6000000000e+02    9.2718590167e-03    6.1406250000e-01
        41   -2.2495841911e+00    5.0961107243e+00   -5.0394693882e+00    2.7898851971e+00    1.9834201095e+00    1.7953086932e+00   -9.0497398784e+00    2.3154168753e-01    1.6000000000e+02    4.2898852262e-03    5.7500000000e-01
        42   -2.2248189447e+00    4.9676254725e+00   -3.9411312097e+00    1.7163122650e+00    2.0202573454e+00    1.7953086932e+00   -7.9648415854e+00    2.0814433709e-01    1.6000000000e+02    3.7937751040e-03    5.6406250000e-01
        43   -2.2423935597e+00    5.0448971064e+00   -4.3396397530e+00    2.0972461933e+00    1.9824577841e+00    1.7953086932e+00   -8.2589799359e+00    1.4157370556e-01    1.6000000000e+02    5.2285657439e-03    5.5937500000e-01
        44   -2.2376612666e+00    5.0318713161e+00   -3.8455359940e+00    1.6078747274e+00    1.9657543687e+00    1.7953086932e+00   -7.8204250789e+00    2.1382602302e-01    1.6000000000e+02    7.8138686076e-03    5.8281250000e-01
        45   -2.2350464259e+00    5.0227512413e+00   -4.2671398703e+00    2.0320934444e+00    2.0548445535e+00    1.7953086932e+00   -8.3255281241e+00    2.0823500710e-01    1.6000000000e+02    3.7624820252e-03    5.7343750000e-01
        46   -2.2404101919e+00    5.0427908215e+00   -3.8786863186e+00    1.6382761267e+00    1.8768476254e+00    1.7953086932e+00   -7.7347625332e+00    1.8391989598e-01    1.6000000000e+02    7.7024151979e-03    5.9218750000e-01
        47   -2.2355867631e+00    5.0149348970e+00   -3.9818252682e+00    1.7462385051e+00    1.9567957071e+00    1.7953086932e+00   -7.7859765756e+00    5.2046907154e-02    1.6000000000e+02    5.1193800464e-03    5.6328125000e-01
        48   -2.2228350186e+00    4.9564256696e+00   -3.7198252035e+00    1.4969901849e+00    1.9530395471e+00    1.7953086932e+00   -7.7358203501e+00    2.6764690636e-01    1.6000000000e+02    6.5454736468e-03    5.9296875000e-01
        49   -2.2143000627e+00    4.9200795803e+00   -3.9240878132e+00    1.7097877505e+00    1.9501672387e+00    1.7953086932e+00   -7.8426710265e+00    1.7310728139e-01    1.6000000000e+02    4.2121304432e-03    6.0078125000e-01
        50   -2.2628847559e+00    5.1404670093e+00   -4.0255467060e+00    1.7626619501e+00    1.8919116641e+00    1.7953086932e+00   -7.8616179174e+00    1.4885085409e-01    1.6000000000e+02    1.6798107245e-03    6.0312500000e-01
        51   -2.2259444362e+00    4.9743204720e+00   -3.6498702977e+00    1.4239258615e+00    1.9844929011e+00    1.7953086932e+00   -7.5807492182e+00    1.5107732612e-01    1.6000000000e+02    2.9661610024e-03    5.9921875000e-01
        52   -2.2450945416e+00    5.0586127610e+00   -3.8860719172e+00    1.6409773756e+00    2.0288638319e+00    1.7953086932e+00   -7.8633256738e+00    1.5308123154e-01    1.6000000000e+02    1.4417329774e-02    5.7343750000e-01
        53   -2.2388428904e+00    5.0390095130e+00   -3.8292687222e+00    1.5904258318e+00    1.9401225930e+00    1.7953086932e+00   -7.7358716139e+00    1.7117160541e-01    1.6000000000e+02    4.2018535023e-03    5.5937500000e-01
        54   -2.2441003940e+00    5.0583855456e+00   -3.8346720359e+00    1.5905716419e+00    1.9746091624e+00    1.7953086932e+00   -7.8590761938e+00    2.5448630219e-01    1.6000000000e+02    1.7741683696e-03    5.9687500000e-01
        55   -2.2371939410e+00    5.0311240952e+00   -3.9190108110e+00    1.6818168700e+00    1.9253163491e+00    1.7953086932e+00   -7.8373076969e+00    1.9767184354e-01    1.6000000000e+02    1.7464518896e-03    5.8906250000e-01
        56   -2.2325056980e+00    5.0016216744e+00   -3.8735592941e+00    1.6410535961e+00    1.8768700892e+00    1.7953086932e+00   -7.6786327549e+00    1.3289467838e-01    1.6000000000e+02    2.9726128851e-03    5.9687500000e-01
        57   -2.2438666284e+00    5.0494815584e+00   -3.9117058771e+00    1.6678392487e+00    1.8771691814e+00    1.7953086932e+00   -7.7484573882e+00    1.6427363650e-01    1.6000000000e+02    4.1050527070e-03    6.0156250000e-01
        58   -2.2262969839e+00    4.9789261348e+00   -4.0036172217e+00    1.7773202378e+00    2.0222551333e+00    1.7953086932e+00   -7.9327963240e+00    1.1161527576e-01    1.6000000000e+02    6.7225303792e-03    5.6562500000e-01
        59   -2.2274856350e+00    4.9742523244e+00   -4.1440999640e+00    1.9166143290e+00    1.9266377350e+00    1.7953086932e+00   -8.0283644484e+00    1.6231805616e-01    1.6000000000e+02    1.7911523464e-03    5.7734375000e-01
        60   -2.2672128608e+00    5.1704267246e+00   -4.2537177355e+00    1.9865048747e+00    1.9678858859e+00    1.7953086932e+00   -8.0475628698e+00    3.0650555226e-02    1.6000000000e+02    3.8286550262e-03    5.7187500000e-01
        61   -2.2261184334e+00    4.9881630784e+00   -3.8935463459e+00    1.6674279125e+00    1.9435302670e+00    1.7953086932e+00   -7.8569100483e+00    2.2452474222e-01    1.6000000000e+02    3.7515405274e-03    5.8828125000e-01
        62   -2.2385911105e+00    5.0404659353e+00   -4.0970239950e+00    1.8584328845e+00    1.9512632678e+00    1.7953086932e+00   -8.0490632452e+00    2.0546728921e-01    1.6000000000e+02    1.2454255251e-02    5.7734375000e-01
        63   -2.2251989791e+00    5.0557444998e+00   -3.9654571285e+00    1.7402581494e+00    1.9788824787e+00    1.7953086932e+00   -7.9981331830e+00    2.5848488256e-01    1.6000000000e+02    7.7494796715e-03    5.7265625000e-01
        64   -2.2656010048e+00    5.1538134311e+00   -4.2923936974e+00    2.0267926926e+00    1.9102743879e+00    1.7953086932e+00   -8.1635124763e+00    1.6553569783e-01    1.6000000000e+02    5.6873602152e-03    5.8984375000e-01
        65   -2.2338102763e+00    5.0060980223e+00   -3.9467303784e+00    1.7129201022e+00    1.9255742367e+00    1.7953086932e+00   -7.8518724653e+00    1.8425915704e-01    1.6000000000e+02    3.7011949753e-03    5.8046875000e-01
        66   -2.2524487030e+00    5.1030826230e+00   -4.0217243850e+00    1.7692756820e+00    1.9508984235e+00    1.7953086932e+00   -7.8734642646e+00    1.0553276289e-01    1.6000000000e+02    3.7254717608e-03    5.7031250000e-01
        67   -2.2481704881e+00    5.0731727600e+00   -3.7484921289e+00    1.5003216408e+00    1.9010220228e+00    1.7953086932e+00   -7.6346420549e+00    1.8981921000e-01    1.6000000000e+02    7.1665739524e-03    5.7578125000e-01
        68   -2.2519916821e+00    5.1223405746e+00   -3.8084692044e+00    1.5564775224e+00    1.9067670412e+00    1.7953086932e+00   -7.7768787811e+00    2.6633384222e-01    1.6000000000e+02    4.3817684345e-03    5.9921875000e-01
        69   -2.2392400596e+00    5.0469059370e+00   -4.1712775480e+00    1.9320374883e+00    2.0506380959e+00    1.7953086932e+00   -8.3740211078e+00    3.5679677072e-01    1.6000000000e+02    8.7442619842e-03    5.5781250000e-01
        70   -2.2711883694e+00    5.1828546848e+00   -4.7282743253e+00    2.4570859559e+00    1.8941883727e+00    1.7953086932e+00   -8.5475616193e+00    1.2979022812e-01    1.6000000000e+02    4.1925994447e-03    5.7343750000e-01
        71   -2.2479097746e+00    5.0699523355e+00   -3.9234030174e+00    1.6754932427e+00    1.9048151645e+00    1.7953086932e+00   -7.7772063606e+00    1.5367948557e-01    1.6000000000e+02    5.1854178600e-03    5.7343750000e-01
        72   -2.2402205326e+00    5.0332073743e+00   -4.3850572108e+00    2.1448366782e+00    1.9769426291e+00    1.7953086932e+00   -8.3156620735e+00    1.5835354041e-01    1.6000000000e+02    5.9595918865e-03    5.4843750000e-01
        73   -2.2394320391e+00    5.0316698126e+00   -3.8452283042e+00    1.6057962651e+00    1.9289906344e+00    1.7953086932e+00   -7.7698204662e+00    2.0029283436e-01    1.6000000000e+02    1.2092915276e-02    5.7968750000e-01
        74   -2.2271876912e+00    4.9846476978e+00   -4.1146719110e+00    1.8874842198e+00    1.9356678743e+00    1.7953086932e+00   -8.0524276051e+00    2.0677912649e-01    1.6000000000e+02    7.4603704852e-03    5.9843750000e-01
        75   -2.2387839000e+00    5.0359695028e+00   -4.0474399101e+00    1.8086560101e+00    1.9403107423e+00    1.7953086932e+00   -7.8853006668e+00    1.0224132113e-01    1.6000000000e+02    1.0167891567e-02    6.0234375000e-01
        76   -2.2179000875e+00    4.9389971149e+00   -4.2815078368e+00    2.0636077493e+00    1.9560362297e+00    1.7953086932e+00   -8.2026080026e+00    1.6975524284e-01    1.6000000000e+02    1.2615709740e-02    5.8515625000e-01
        77   -2.2328951206e+00    4.9996139214e+00   -3.8009071501e+00    1.5680120296e+00    1.9042451671e+00    1.7953086932e+00   -7.6936584032e+00    1.9319739278e-01    1.6000000000e+02    7.5272766117e-03    6.1093750000e-01
        78   -2.2410506224e+00    5.0418368042e+00   -4.0936553630e+00    1.8526047406e+00    2.0529027232e+00    1.7953086932e+00   -8.1694825037e+00    2.2761572423e-01    1.6000000000e+02    6.5466022352e-03    5.8515625000e-01
        79   -2.2374993305e+00    5.0250404879e+00   -3.8518231720e+00    1.6143238415e+00    1.9299945752e+00    1.7953086932e+00   -7.7903775233e+00    2.1325108298e-01    1.6000000000e+02    5.1366598345e-03    6.1171875000e-01
        80   -2.2577899808e+00    5.1181676723e+00   -4.0486327401e+00    1.7908427593e+00    1.9679246500e+00    1.7953086932e+00   -7.9510425410e+00    1.3917645771e-01    1.6000000000e+02    6.1133800773e-03    5.8671875000e-01
        81   -2.2408018174e+00    5.0369696264e+00   -3.7714694514e+00    1.5306676339e+00    1.8794236873e+00    1.7953086932e+00   -7.5797879813e+00    1.3358614944e-01    1.6000000000e+02    3.2380635093e-03    6.0234375000e-01
        82   -2.2202848099e+00    4.9464147577e+00   -3.9822845918e+00    1.7619997819e+00    1.9238403696e+00    1.7953086932e+00   -7.9050618141e+00    2.0362815955e-01    1.6000000000e+02    1.7306152149e-03    6.0234375000e-01
        83   -2.2228783781e+00    4.9599991246e+00   -4.0903889379e+00    1.8675105598e+00    1.9405767142e+00    1.7953086932e+00   -7.9200334095e+00    9.3759064227e-02    1.6000000000e+02    6.7958998843e-03    5.9296875000e-01
        84   -2.2436545637e+00    5.0594623105e+00   -4.2331386428e+00    1.9894840790e+00    1.9383915364e+00    1.7953086932e+00   -8.1144380071e+00    1.4759913475e-01    1.6000000000e+02    3.7646856217e-03    5.8046875000e-01
        85   -2.2650533601e+00    5.1503249181e+00   -4.1190744317e+00    1.8540210716e+00    1.9483011136e+00    1.7953086932e+00   -8.1526872680e+00    2.9000302945e-01    1.6000000000e+02    7.6710834692e-03    5.8203125000e-01
        86   -2.2266472642e+00    4.9808384930e+00   -3.9210599891e+00    1.6944127249e+00    1.9187897323e+00    1.7953086932e+00   -7.7854322056e+00    1.5027379092e-01    1.6000000000e+02    3.1703116256e-03    5.7734375000e-01
        87   -2.2537494649e+00    5.1314438998e+00   -3.8663924575e+00    1.6126429926e+00    1.9737437094e+00    1.7953086932e+00   -7.7513649193e+00    1.1592005920e-01    1.6000000000e+02    5.2367489261e-03    5.9765625000e-01
        88   -2.2252098440e+00    4.9756151434e+00   -3.8550247144e+00    1.6298148704e+00    1.8987207648e+00    1.7953086932e+00   -7.6737098309e+00    1.2465565850e-01    1.6000000000e+02    1.5690927976e-03    5.9921875000e-01
        89   -2.2383813364e+00    5.0311675637e+00   -3.8964057805e+00    1.6580244442e+00    1.8953433461e+00    1.7953086932e+00   -7.7888724359e+00    2.0181461613e-01    1.6000000000e+02    1.7218920402e-03    6.0312500000e-01
        90   -2.2354570118e+00    5.0122357316e+00   -3.8926402798e+00    1.6571832680e+00    1.9386763744e+00    1.7953086932e+00   -7.7825886594e+00    1.5596331200e-01    1.6000000000e+02    6.4388616302e-03    5.7890625000e-01
        91   -2.2470617033e+00    5.0638112223e+00   -4.2065641458e+00    1.9595024425e+00    1.9344529238e+00    1.7953086932e+00   -8.1453867932e+00    2.0906103037e-01    1.6000000000e+02    1.4398576895e-02    5.6796875000e-01
        92   -2.2284797768e+00    4.9827161660e+00   -3.9171053884e+00    1.6886256116e+00    1.9147867623e+00    1.7953086932e+00   -7.7729226192e+00    1.4572177530e-01    1.6000000000e+02    2.0099923422e-03    6.0234375000e-01
        93   -2.2082610317e+00    4.8979545083e+00   -3.9377552472e+00    1.7294942155e+00    1.9834338063e+00    1.7953086932e+00   -7.8907803591e+00    1.7428261240e-01    1.6000000000e+02    4.4521167874e-03    5.6562500000e-01
        94   -2.2338013132e+00    5.0123807769e+00   -4.2482598117e+00    2.0144584984e+00    1.9718072909e+00    1.7953086932e+00   -8.1758277886e+00    1.6045199279e-01    1.6000000000e+02    3.9648591192e-03    5.7734375000e-01
        95   -2.2260389395e+00    4.9831565953e+00   -4.1663697827e+00    1.9403308432e+00    1.9413768539e+00    1.7953086932e+00   -8.1003022936e+00    1.9724696380e-01    1.6000000000e+02    5.9128499706e-03    5.7500000000e-01
        96   -2.2574746589e+00    5.1137678984e+00   -3.9748580126e+00    1.7173833537e+00    1.8949981926e+00    1.7953086932e+00   -7.9197418759e+00    2.5457697746e-01    1.6000000000e+02    7.1536824689e-03    5.9843750000e-01
        97   -2.2206737247e+00    4.9586977932e+00   -4.0618514044e+00    1.8411776797e+00    2.0032866506e+00    1.7953086932e+00   -8.1058069432e+00    2.4536019489e-01    1.6000000000e+02    4.9547602830e-03    5.6562500000e-01
        98   -2.2208049902e+00    4.9539237512e+00   -4.0425461052e+00    1.8217411151e+00    2.0117568288e+00    1.7953086932e+00   -8.0360521009e+00    1.8644047364e-01    1.6000000000e+02    3.2123224810e-03    5.6093750000e-01
        99   -2.2483881139e+00    5.0735080654e+00   -3.9061400226e+00    1.6577519087e+00    1.9586836153e+00    1.7953086932e+00   -7.8552350842e+00    1.9510275309e-01    1.6000000000e+02    1.7078314268e-03    5.7421875000e-01
