#   index    LocalEnergy         LocalEnergy_sq      LocalPotential      Kinetic             ElecElec            IonIon              LocalECP            NonLocalECP         BlockWeight         BlockCPU            AcceptRatio         
         0   -1.2441689780e+01    1.5496399399e+02   -2.1404435372e+01    8.9627455924e+00    1.7719633067e+01    1.3050036718e+01   -5.2964684153e+01    7.9057899563e-01    3.2000000000e+02    1.1491018534e-01    4.4171875000e-01
         1   -1.2420857122e+01    1.5444071829e+02   -2.1407667136e+01    8.9868100142e+00    1.7844434484e+01    1.3050036718e+01   -5.3647920568e+01    1.3457822300e+00    3.2000000000e+02    1.1231774092e-01    4.1531250000e-01
         2   -1.2481141213e+01    1.5617711028e+02   -2.1518127350e+01    9.0369861367e+00    1.7942162787e+01    1.3050036718e+01   -5.3518022593e+01    1.0076957383e+00    3.2000000000e+02    1.1424249411e-01    4.3375000000e-01
         3   -1.2493317841e+01    1.5631915903e+02   -2.1392859648e+01    8.8995418071e+00    1.7642089796e+01    1.3050036718e+01   -5.2792877798e+01    7.0789163568e-01    3.2000000000e+02    1.1189067364e-01    4.2812500000e-01
         4   -1.2427268500e+01    1.5457630188e+02   -2.2344597464e+01    9.9173289633e+00    1.7947575718e+01    1.3050036718e+01   -5.4320451206e+01    9.7824130697e-01    3.2000000000e+02    1.1434352398e-01    4.3296875000e-01
         5   -1.2467731744e+01    1.5565132382e+02   -2.1745828060e+01    9.2780963161e+00    1.7926246286e+01    1.3050036718e+01   -5.3655565220e+01    9.3345415582e-01    3.2000000000e+02    1.1302852631e-01    4.2703125000e-01
         6   -1.2415726922e+01    1.5438341896e+02   -2.1952682173e+01    9.5369552507e+00    1.8176660601e+01    1.3050036718e+01   -5.4335407803e+01    1.1560283109e+00    3.2000000000e+02    1.1365950108e-01    4.1421875000e-01
         7   -1.2440016909e+01    1.5491146280e+02   -2.1488867147e+01    9.0488502384e+00    1.7985168859e+01    1.3050036718e+01   -5.3334632409e+01    8.1055968515e-01    3.2000000000e+02    1.1353552341e-01    4.2156250000e-01
         8   -1.2413242771e+01    1.5423244805e+02   -2.1648878091e+01    9.2356353199e+00    1.7770150624e+01    1.3050036718e+01   -5.3348711171e+01    8.7964573800e-01    3.2000000000e+02    1.1174076796e-01    4.3093750000e-01
         9   -1.2436120657e+01    1.5484950878e+02   -2.2492107626e+01    1.0055986969e+01    1.8349884656e+01    1.3050036718e+01   -5.4875603907e+01    9.8357490735e-01    3.2000000000e+02    1.1485350132e-01    4.1265625000e-01
        10   -1.2467321441e+01    1.5559807533e+02   -2.2330602799e+01    9.8632813585e+00    1.7785704178e+01    1.3050036718e+01   -5.4074939944e+01    9.0859624935e-01    3.2000000000e+02    1.1345297098e-01    4.2625000000e-01
        11   -1.2421266676e+01    1.5448246642e+02   -2.1201840948e+01    8.7805742715e+00    1.7970138687e+01    1.3050036718e+01   -5.2861857821e+01    6.3984146827e-01    3.2000000000e+02    1.1313593388e-01    4.1468750000e-01
        12   -1.2405314192e+01    1.5420165991e+02   -2.2815900690e+01    1.0410586498e+01    1.8124244819e+01    1.3050036718e+01   -5.4849905140e+01    8.5972291392e-01    3.2000000000e+02    1.1318320036e-01    4.0531250000e-01
        13   -1.2414342559e+01    1.5426415743e+02   -2.2243450056e+01    9.8291074971e+00    1.8039046135e+01    1.3050036718e+01   -5.4299750370e+01    9.6721746033e-01    3.2000000000e+02    1.1393851042e-01    4.1859375000e-01
        14   -1.2477010474e+01    1.5590804805e+02   -2.2024138536e+01    9.5471280619e+00    1.8096468956e+01    1.3050036718e+01   -5.4117152206e+01    9.4650799555e-01    3.2000000000e+02    1.1350423098e-01    4.1812500000e-01
        15   -1.2412742177e+01    1.5426548024e+02   -2.1303488515e+01    8.8907463379e+00    1.8004703511e+01    1.3050036718e+01   -5.3417146994e+01    1.0589182499e+00    3.2000000000e+02    1.1326795816e-01    4.3265625000e-01
        16   -1.2447129311e+01    1.5511448476e+02   -2.1075401772e+01    8.6282724608e+00    1.7781362202e+01    1.3050036718e+01   -5.2822297763e+01    9.1549707028e-01    3.2000000000e+02    1.1308521032e-01    4.1921875000e-01
        17   -1.2458266077e+01    1.5540471780e+02   -2.1979753129e+01    9.5214870527e+00    1.8071008501e+01    1.3050036718e+01   -5.3850197444e+01    7.4939909596e-01    3.2000000000e+02    1.1306399107e-01    4.1968750000e-01
        18   -1.2448846316e+01    1.5514122923e+02   -2.1771935517e+01    9.3230892015e+00    1.7988992096e+01    1.3050036718e+01   -5.3729500668e+01    9.1853633791e-01    3.2000000000e+02    1.1380648613e-01    4.2156250000e-01
        19   -1.2475986487e+01    1.5593028705e+02   -2.3035333130e+01    1.0559346643e+01    1.8141910693e+01    1.3050036718e+01   -5.5036204910e+01    8.0892436997e-01    3.2000000000e+02    1.1250221729e-01    4.2312500000e-01
        20   -1.2483937152e+01    1.5606517978e+02   -2.1662160541e+01    9.1782233891e+00    1.7976162890e+01    1.3050036718e+01   -5.3180591723e+01    4.9223157318e-01    3.2000000000e+02    1.1345970631e-01    4.2500000000e-01
        21   -1.2431112962e+01    1.5475738693e+02   -2.2224896818e+01    9.7937838565e+00    1.8030866809e+01    1.3050036718e+01   -5.4282973932e+01    9.7717358716e-01    3.2000000000e+02    1.1444997787e-01    4.3156250000e-01
        22   -1.2466878914e+01    1.5560421582e+02   -2.0982137738e+01    8.5152588241e+00    1.7929005701e+01    1.3050036718e+01   -5.2935673916e+01    9.7449375895e-01    3.2000000000e+02    1.1231672764e-01    4.3203125000e-01
        23   -1.2433459288e+01    1.5473742748e+02   -2.1613169248e+01    9.1797099600e+00    1.8085931831e+01    1.3050036718e+01   -5.3683296019e+01    9.3415822290e-01    3.2000000000e+02    1.1389827728e-01    4.3500000000e-01
        24   -1.2398957823e+01    1.5387636215e+02   -2.1090445695e+01    8.6914878723e+00    1.7573548603e+01    1.3050036718e+01   -5.2725701821e+01    1.0116708048e+00    3.2000000000e+02    1.1159771681e-01    4.3500000000e-01
        25   -1.2426029191e+01    1.5460685720e+02   -2.1919367809e+01    9.4933386173e+00    1.8094401111e+01    1.3050036718e+01   -5.4221235516e+01    1.1574298785e+00    3.2000000000e+02    1.1488711834e-01    4.1671875000e-01
        26   -1.2415869177e+01    1.5439645971e+02   -2.1819967412e+01    9.4040982347e+00    1.7845716343e+01    1.3050036718e+01   -5.3751950465e+01    1.0362299926e+00    3.2000000000e+02    1.1442196369e-01    4.3953125000e-01
        27   -1.2444656398e+01    1.5501347985e+02   -2.1941581932e+01    9.4969255341e+00    1.7996812539e+01    1.3050036718e+01   -5.3645266421e+01    6.5683523198e-01    3.2000000000e+02    1.1381494999e-01    4.3062500000e-01
        28   -1.2390324237e+01    1.5378434457e+02   -2.2120685057e+01    9.7303608193e+00    1.8197537446e+01    1.3050036718e+01   -5.4812451882e+01    1.4441926617e+00    3.2000000000e+02    1.1398249865e-01    4.2546875000e-01
        29   -1.2372521076e+01    1.5327523442e+02   -2.2194402359e+01    9.8218812828e+00    1.8061643013e+01    1.3050036718e+01   -5.4265072298e+01    9.5899020875e-01    3.2000000000e+02    1.1399781704e-01    4.2343750000e-01
        30   -1.2404671833e+01    1.5404149426e+02   -2.2372342038e+01    9.9676702051e+00    1.7993328064e+01    1.3050036718e+01   -5.4529482557e+01    1.1137757372e+00    3.2000000000e+02    1.1366945505e-01    4.2203125000e-01
        31   -1.2448737716e+01    1.5512066286e+02   -2.1828041545e+01    9.3793038292e+00    1.7986673975e+01    1.3050036718e+01   -5.3667574684e+01    8.0282244622e-01    3.2000000000e+02    1.1246323586e-01    4.1671875000e-01
        32   -1.2391928117e+01    1.5377414289e+02   -2.1606618916e+01    9.2146907989e+00    1.7991956689e+01    1.3050036718e+01   -5.3780758878e+01    1.1321465551e+00    3.2000000000e+02    1.1458903551e-01    4.1828125000e-01
        33   -1.2401513470e+01    1.5405837784e+02   -2.1707709000e+01    9.3061955299e+00    1.7742003088e+01    1.3050036718e+01   -5.4024649311e+01    1.5249005051e+00    3.2000000000e+02    1.1169266701e-01    4.1593750000e-01
        34   -1.2451412924e+01    1.5528640257e+02   -2.1665366148e+01    9.2139532239e+00    1.8192428757e+01    1.3050036718e+01   -5.4295414440e+01    1.3875828157e+00    3.2000000000e+02    1.1318749189e-01    4.2515625000e-01
        35   -1.2420526412e+01    1.5443466901e+02   -2.1653055807e+01    9.2325293951e+00    1.8087253002e+01    1.3050036718e+01   -5.3712178357e+01    9.2183282948e-01    3.2000000000e+02    1.1195600033e-01    4.2890625000e-01
        36   -1.2443445518e+01    1.5502295660e+02   -2.2414412687e+01    9.9709671682e+00    1.7847251049e+01    1.3050036718e+01   -5.4048808498e+01    7.3710804412e-01    3.2000000000e+02    1.1290949583e-01    4.3281250000e-01
        37   -1.2412596165e+01    1.5420248643e+02   -2.2243254468e+01    9.8306583033e+00    1.8060040342e+01    1.3050036718e+01   -5.4298699627e+01    9.4536809919e-01    3.2000000000e+02    1.1194199324e-01    4.1593750000e-01
        38   -1.2478045572e+01    1.5600030637e+02   -2.1404938312e+01    8.9268927408e+00    1.7938927035e+01    1.3050036718e+01   -5.3670016045e+01    1.2761139793e+00    3.2000000000e+02    1.1379694939e-01    4.3140625000e-01
        39   -1.2423841925e+01    1.5449528837e+02   -2.1604087320e+01    9.1802453953e+00    1.7731291570e+01    1.3050036718e+01   -5.3111419842e+01    7.2600423384e-01    3.2000000000e+02    1.1291253567e-01    4.2625000000e-01
        40   -1.2402178042e+01    1.5401706743e+02   -2.1797978060e+01    9.3958000178e+00    1.8010709972e+01    1.3050036718e+01   -5.4157074739e+01    1.2983499899e+00    3.2000000000e+02    1.1425018311e-01    4.2531250000e-01
        41   -1.2460639637e+01    1.5546209849e+02   -2.2236300413e+01    9.7756607754e+00    1.7905158693e+01    1.3050036718e+01   -5.4155258354e+01    9.6376253038e-01    3.2000000000e+02    1.1315071583e-01    4.1765625000e-01
        42   -1.2403601322e+01    1.5402068605e+02   -2.1568859443e+01    9.1652581212e+00    1.8138598648e+01    1.3050036718e+01   -5.3729444911e+01    9.7195010165e-01    3.2000000000e+02    1.1246728897e-01    4.2859375000e-01
        43   -1.2403067082e+01    1.5400223923e+02   -2.2351244141e+01    9.9481770586e+00    1.8132094402e+01    1.3050036718e+01   -5.4270457011e+01    7.3708175012e-01    3.2000000000e+02    1.1244750023e-01    4.0906250000e-01
        44   -1.2440802933e+01    1.5497806251e+02   -2.2289425864e+01    9.8486229303e+00    1.8318202639e+01    1.3050036718e+01   -5.4783224221e+01    1.1255590008e+00    3.2000000000e+02    1.1451596022e-01    4.2812500000e-01
        45   -1.2423352113e+01    1.5456186770e+02   -2.0986349256e+01    8.5629971434e+00    1.7460084112e+01    1.3050036718e+01   -5.2555576858e+01    1.0591067722e+00    3.2000000000e+02    1.1069720984e-01    4.2656250000e-01
        46   -1.2445179683e+01    1.5503768888e+02   -2.1683285646e+01    9.2381059629e+00    1.7814724373e+01    1.3050036718e+01   -5.3100321151e+01    5.5227441440e-01    3.2000000000e+02    1.1277633905e-01    4.2765625000e-01
        47   -1.2367041729e+01    1.5319712569e+02   -2.2463051077e+01    1.0096009349e+01    1.8361758163e+01    1.3050036718e+01   -5.4606346340e+01    7.3150038149e-01    3.2000000000e+02    1.1452847719e-01    4.2250000000e-01
        48   -1.2439915077e+01    1.5495059558e+02   -2.2493328559e+01    1.0053413482e+01    1.8196369568e+01    1.3050036718e+01   -5.4711228748e+01    9.7149390281e-01    3.2000000000e+02    1.1420220137e-01    4.1640625000e-01
        49   -1.2380357154e+01    1.5356725543e+02   -2.2231976155e+01    9.8516190010e+00    1.8218081620e+01    1.3050036718e+01   -5.4554683093e+01    1.0545886011e+00    3.2000000000e+02    1.1343574524e-01    4.1453125000e-01
        50   -1.2422925563e+01    1.5453953782e+02   -2.1977412577e+01    9.5544870143e+00    1.8122151896e+01    1.3050036718e+01   -5.3920537069e+01    7.7093587807e-01    3.2000000000e+02    1.1353069544e-01    4.1812500000e-01
        51   -1.2388212759e+01    1.5370172861e+02   -2.2550461557e+01    1.0162248798e+01    1.8139069055e+01    1.3050036718e+01   -5.4621863204e+01    8.8229587359e-01    3.2000000000e+02    1.1430597305e-01    4.1421875000e-01
        52   -1.2412935980e+01    1.5426694255e+02   -2.2714467417e+01    1.0301531437e+01    1.7987322525e+01    1.3050036718e+01   -5.4724871161e+01    9.7304450205e-01    3.2000000000e+02    1.1337673664e-01    4.1468750000e-01
        53   -1.2446783755e+01    1.5520032814e+02   -2.2796609307e+01    1.0349825552e+01    1.7884612863e+01    1.3050036718e+01   -5.4429362798e+01    6.9810391011e-01    3.2000000000e+02    1.1335575581e-01    4.1812500000e-01
        54   -1.2432847072e+01    1.5474528300e+02   -2.1458115842e+01    9.0252687700e+00    1.7919870600e+01    1.3050036718e+01   -5.3491631294e+01    1.0636081327e+00    3.2000000000e+02    1.1404824257e-01    4.2640625000e-01
        55   -1.2441468872e+01    1.5492472023e+02   -2.1683306157e+01    9.2418372854e+00    1.7850294570e+01    1.3050036718e+01   -5.3470925501e+01    8.8728805666e-01    3.2000000000e+02    1.1424881220e-01    4.2250000000e-01
        56   -1.2546598908e+01    1.5760139508e+02   -2.2447084471e+01    9.9004855625e+00    1.7974758563e+01    1.3050036718e+01   -5.4301023783e+01    8.2914403107e-01    3.2000000000e+02    1.1491006613e-01    4.1781250000e-01
        57   -1.2419222611e+01    1.5440349282e+02   -2.2173353035e+01    9.7541304240e+00    1.8142612537e+01    1.3050036718e+01   -5.4366521815e+01    1.0005195259e+00    3.2000000000e+02    1.1263680458e-01    4.1750000000e-01
        58   -1.2426134434e+01    1.5469953854e+02   -2.2195902247e+01    9.7697678131e+00    1.8140351237e+01    1.3050036718e+01   -5.4872772257e+01    1.4864820551e+00    3.2000000000e+02    1.1370521784e-01    4.2140625000e-01
        59   -1.2493683780e+01    1.5636191422e+02   -2.1509786869e+01    9.0161030896e+00    1.8119434302e+01    1.3050036718e+01   -5.3479754931e+01    8.0049704151e-01    3.2000000000e+02    1.1336845160e-01    4.3015625000e-01
        60   -1.2439326810e+01    1.5495450906e+02   -2.2664054368e+01    1.0224727558e+01    1.8095862527e+01    1.3050036718e+01   -5.4705285742e+01    8.9533212960e-01    3.2000000000e+02    1.1525452137e-01    4.1171875000e-01
        61   -1.2467807964e+01    1.5560610380e+02   -2.1563124491e+01    9.0953165277e+00    1.8152245924e+01    1.3050036718e+01   -5.3555655736e+01    7.9024860280e-01    3.2000000000e+02    1.1443704367e-01    4.2437500000e-01
        62   -1.2389701534e+01    1.5366702791e+02   -2.1709235438e+01    9.3195339043e+00    1.7976150344e+01    1.3050036718e+01   -5.3765831610e+01    1.0304091096e+00    3.2000000000e+02    1.1327272654e-01    4.1640625000e-01
        63   -1.2402369029e+01    1.5399730316e+02   -2.2064855126e+01    9.6624860964e+00    1.7759865580e+01    1.3050036718e+01   -5.3928943737e+01    1.0541863135e+00    3.2000000000e+02    1.1298525333e-01    4.3109375000e-01
        64   -1.2473806101e+01    1.5591282258e+02   -2.1823463286e+01    9.3496571852e+00    1.7654916379e+01    1.3050036718e+01   -5.3466107516e+01    9.3769113197e-01    3.2000000000e+02    1.1059743166e-01    4.4000000000e-01
        65   -1.2450562559e+01    1.5528899927e+02   -2.1888079342e+01    9.4375167833e+00    1.7798443111e+01    1.3050036718e+01   -5.3773133605e+01    1.0365744338e+00    3.2000000000e+02    1.1295175552e-01    4.2937500000e-01
        66   -1.2438034963e+01    1.5488868971e+02   -2.1999482481e+01    9.5614475184e+00    1.8179589693e+01    1.3050036718e+01   -5.3845092303e+01    6.1598341126e-01    3.2000000000e+02    1.1415398121e-01    4.2656250000e-01
        67   -1.2417858946e+01    1.5439867066e+02   -2.2366040819e+01    9.9481818722e+00    1.7904319376e+01    1.3050036718e+01   -5.4000320481e+01    6.7992356781e-01    3.2000000000e+02    1.1243981123e-01    4.2406250000e-01
        68   -1.2463921921e+01    1.5552404355e+02   -2.1719952007e+01    9.2560300865e+00    1.7870899350e+01    1.3050036718e+01   -5.3621228729e+01    9.8034065370e-01    3.2000000000e+02    1.1380410194e-01    4.2031250000e-01
        69   -1.2463757588e+01    1.5566668626e+02   -2.2226338653e+01    9.7625810646e+00    1.8363539130e+01    1.3050036718e+01   -5.4706772022e+01    1.0668575214e+00    3.2000000000e+02    1.1560243368e-01    4.1796875000e-01
        70   -1.2446224731e+01    1.5517557604e+02   -2.1669152847e+01    9.2229281155e+00    1.8026751509e+01    1.3050036718e+01   -5.3705663216e+01    9.5972214194e-01    3.2000000000e+02    1.1548125744e-01    4.2687500000e-01
        71   -1.2385887678e+01    1.5361043675e+02   -2.2119376109e+01    9.7334884302e+00    1.7802794268e+01    1.3050036718e+01   -5.4144978980e+01    1.1727718852e+00    3.2000000000e+02    1.1323052645e-01    4.1562500000e-01
        72   -1.2444116309e+01    1.5512726440e+02   -2.2521231024e+01    1.0077114715e+01    1.7997544028e+01    1.3050036718e+01   -5.4177063741e+01    6.0825197069e-01    3.2000000000e+02    1.1203074455e-01    4.2093750000e-01
        73   -1.2476732649e+01    1.5585797777e+02   -2.2452767327e+01    9.9760346785e+00    1.7598346254e+01    1.3050036718e+01   -5.4133666933e+01    1.0325166335e+00    3.2000000000e+02    1.1288219690e-01    4.2593750000e-01
        74   -1.2402620068e+01    1.5408362180e+02   -2.1264561727e+01    8.8619416595e+00    1.7646196256e+01    1.3050036718e+01   -5.3082706636e+01    1.1219119343e+00    3.2000000000e+02    1.1192899942e-01    4.3859375000e-01
        75   -1.2484009678e+01    1.5602321861e+02   -2.1827506914e+01    9.3434972363e+00    1.7822271026e+01    1.3050036718e+01   -5.3623215235e+01    9.2340057631e-01    3.2000000000e+02    1.1300295591e-01    4.3937500000e-01
        76   -1.2444522103e+01    1.5500366608e+02   -2.2169641025e+01    9.7251189215e+00    1.8088445693e+01    1.3050036718e+01   -5.4430023698e+01    1.1219002618e+00    3.2000000000e+02    1.1527168751e-01    4.2187500000e-01
        77   -1.2408018534e+01    1.5415874041e+02   -2.1652054315e+01    9.2440357813e+00    1.8058900919e+01    1.3050036718e+01   -5.3983396876e+01    1.2224049240e+00    3.2000000000e+02    1.1349171400e-01    4.1125000000e-01
        78   -1.2406638479e+01    1.5410435755e+02   -2.2391283208e+01    9.9846447291e+00    1.8109521862e+01    1.3050036718e+01   -5.4164214100e+01    6.1337231206e-01    3.2000000000e+02    1.1473083496e-01    4.1343750000e-01
        79   -1.2421530063e+01    1.5453336127e+02   -2.1409258618e+01    8.9877285546e+00    1.8059195902e+01    1.3050036718e+01   -5.3272015582e+01    7.5352434442e-01    3.2000000000e+02    1.1160302162e-01    4.1906250000e-01
        80   -1.2439218636e+01    1.5511279953e+02   -2.2177934915e+01    9.7387162790e+00    1.7877003119e+01    1.3050036718e+01   -5.3804318964e+01    6.9934421212e-01    3.2000000000e+02    1.1386245489e-01    4.2593750000e-01
        81   -1.2428418622e+01    1.5459676032e+02   -2.2183829241e+01    9.7554106183e+00    1.8087707051e+01    1.3050036718e+01   -5.4556193406e+01    1.2346203964e+00    3.2000000000e+02    1.1351948977e-01    4.1578125000e-01
        82   -1.2412720999e+01    1.5425621330e+02   -2.1144174117e+01    8.7314531186e+00    1.7869564995e+01    1.3050036718e+01   -5.2708864628e+01    6.4508879778e-01    3.2000000000e+02    1.1273998022e-01    4.2421875000e-01
        83   -1.2442739162e+01    1.5501289903e+02   -2.2207626843e+01    9.7648876814e+00    1.7867528916e+01    1.3050036718e+01   -5.4102816416e+01    9.7762393893e-01    3.2000000000e+02    1.1391299963e-01    4.2000000000e-01
        84   -1.2424552102e+01    1.5451947482e+02   -2.1931719048e+01    9.5071669468e+00    1.8141352704e+01    1.3050036718e+01   -5.3894466550e+01    7.7135808030e-01    3.2000000000e+02    1.1614543200e-01    4.2812500000e-01
        85   -1.2407906105e+01    1.5414824861e+02   -2.2131585019e+01    9.7236789148e+00    1.7916287836e+01    1.3050036718e+01   -5.4354483065e+01    1.2565734916e+00    3.2000000000e+02    1.1466550827e-01    4.2218750000e-01
        86   -1.2438034699e+01    1.5488384589e+02   -2.2476602424e+01    1.0038567725e+01    1.8051213247e+01    1.3050036718e+01   -5.4348398322e+01    7.7054593290e-01    3.2000000000e+02    1.1467850208e-01    4.0953125000e-01
        87   -1.2401162709e+01    1.5396989347e+02   -2.2208230820e+01    9.8070681102e+00    1.8006289011e+01    1.3050036718e+01   -5.4053278120e+01    7.8872157149e-01    3.2000000000e+02    1.1409729719e-01    4.1953125000e-01
        88   -1.2410213004e+01    1.5419011494e+02   -2.1300241340e+01    8.8900283364e+00    1.8105013157e+01    1.3050036718e+01   -5.3527397452e+01    1.0721062376e+00    3.2000000000e+02    1.1373096704e-01    4.3562500000e-01
        89   -1.2446115540e+01    1.5510247556e+02   -2.2667342969e+01    1.0221227430e+01    1.8055800502e+01    1.3050036718e+01   -5.4440623038e+01    6.6744284844e-01    3.2000000000e+02    1.1231100559e-01    4.2734375000e-01
        90   -1.2518536674e+01    1.5705470362e+02   -2.2464229476e+01    9.9456928017e+00    1.7614805435e+01    1.3050036718e+01   -5.4066216575e+01    9.3714494554e-01    3.2000000000e+02    1.1221122742e-01    4.3375000000e-01
        91   -1.2477630610e+01    1.5603463883e+02   -2.1674785357e+01    9.1971547463e+00    1.8084940252e+01    1.3050036718e+01   -5.3798717791e+01    9.8895546484e-01    3.2000000000e+02    1.1432880163e-01    4.3234375000e-01
        92   -1.2468851300e+01    1.5563077394e+02   -2.1764534141e+01    9.2956828412e+00    1.7841464965e+01    1.3050036718e+01   -5.3617023782e+01    9.6098795777e-01    3.2000000000e+02    1.1265128851e-01    4.3234375000e-01
        93   -1.2404700244e+01    1.5402407124e+02   -2.1696922100e+01    9.2922218557e+00    1.7938985200e+01    1.3050036718e+01   -5.3705080115e+01    1.0191360974e+00    3.2000000000e+02    1.1307656765e-01    4.2546875000e-01
        94   -1.2378881164e+01    1.5346335330e+02   -2.1694105988e+01    9.3152248234e+00    1.8219437716e+01    1.3050036718e+01   -5.3839912336e+01    8.7633191415e-01    3.2000000000e+02    1.1361622810e-01    4.2265625000e-01
        95   -1.2405821253e+01    1.5413063502e+02   -2.2062003079e+01    9.6561818264e+00    1.7928404158e+01    1.3050036718e+01   -5.4267079430e+01    1.2266354744e+00    3.2000000000e+02    1.1356222630e-01    4.1796875000e-01
        96   -1.2405468224e+01    1.5408539063e+02   -2.2243572046e+01    9.8381038221e+00    1.8090096000e+01    1.3050036718e+01   -5.4392385841e+01    1.0086810770e+00    3.2000000000e+02    1.1374604702e-01    4.2140625000e-01
        97   -1.2480160600e+01    1.5597838740e+02   -2.2537150039e+01    1.0056989438e+01    1.8201519695e+01    1.3050036718e+01   -5.5198739471e+01    1.4100330197e+00    3.2000000000e+02    1.1559146643e-01    4.2796875000e-01
        98   -1.2441335272e+01    1.5502779329e+02   -2.2080659283e+01    9.6393240103e+00    1.8275691063e+01    1.3050036718e+01   -5.4367250564e+01    9.6086349948e-01    3.2000000000e+02    1.1511921883e-01    4.1421875000e-01
        99   -1.2391281678e+01    1.5377714678e+02   -2.1666456904e+01    9.2751752265e+00    1.7960847575e+01    1.3050036718e+01   -5.3416017561e+01    7.3867636388e-01    3.2000000000e+02    1.1387270689e-01    4.3312500000e-01
