#   index    LocalEnergy         LocalEnergy_sq      LocalPotential      Kinetic             ElecElec            IonIon              LocalECP            NonLocalECP         BlockWeight         BlockCPU            AcceptRatio         
         0    9.5156115211e+02    1.0582759143e+06    2.9444019495e+01    9.2211713262e+02    2.5956098854e+01    1.3050037665e+01   -9.5621170239e+00    0.0000000000e+00    8.0000000000e+02    3.8096383295e+00    4.5775000000e-02
         1    9.6450309132e+02    1.0787578536e+06    2.8581305540e+01    9.3592178578e+02    2.5090811654e+01    1.3050037665e+01   -9.5595437782e+00    0.0000000000e+00    8.0000000000e+02    3.8271322654e+00    4.6375000000e-02
         2    9.9543700567e+02    1.1464142524e+06    2.9294347313e+01    9.6614265836e+02    2.5804259565e+01    1.3050037665e+01   -9.5599499163e+00    0.0000000000e+00    8.0000000000e+02    3.8204134649e+00    4.6625000000e-02
         3    1.0014962171e+03    1.1415830268e+06    2.8256071130e+01    9.7324014595e+02    2.4769809195e+01    1.3050037665e+01   -9.5637757298e+00    0.0000000000e+00    8.0000000000e+02    3.8380039805e+00    4.5375000000e-02
         4    9.9850274784e+02    1.1444768679e+06    2.7932670359e+01    9.7057007748e+02    2.4447434426e+01    1.3050037665e+01   -9.5648017321e+00    0.0000000000e+00    8.0000000000e+02    3.8136898425e+00    4.3900000000e-02
         5    1.0185487670e+03    1.1619410514e+06    2.8079923602e+01    9.9046884344e+02    2.4592991399e+01    1.3050037665e+01   -9.5631054620e+00    0.0000000000e+00    8.0000000000e+02    3.8164607183e+00    4.2350000000e-02
         6    9.5196211326e+02    1.0556187340e+06    2.8621010384e+01    9.2334110287e+02    2.5133310414e+01    1.3050037665e+01   -9.5623376952e+00    0.0000000000e+00    8.0000000000e+02    3.8163688362e+00    4.4550000000e-02
         7    9.6525710435e+02    1.0829990584e+06    2.9652481802e+01    9.3560462255e+02    2.6163363725e+01    1.3050037665e+01   -9.5609195878e+00    0.0000000000e+00    8.0000000000e+02    3.8148293416e+00    4.7150000000e-02
         8    9.4107748804e+02    1.0515544834e+06    2.9211853557e+01    9.1186563448e+02    2.5721308797e+01    1.3050037665e+01   -9.5594929047e+00    0.0000000000e+00    8.0000000000e+02    3.8296959246e+00    4.7400000000e-02
         9    9.1116828131e+02    9.9461499567e+05    2.8841698266e+01    8.8232658304e+02    2.5350483826e+01    1.3050037665e+01   -9.5588232242e+00    0.0000000000e+00    8.0000000000e+02    3.8100198364e+00    4.7575000000e-02
        10    1.0164506947e+03    1.1777598074e+06    2.9377749463e+01    9.8707294519e+02    2.5889603461e+01    1.3050037665e+01   -9.5618916635e+00    0.0000000000e+00    8.0000000000e+02    3.8311195227e+00    4.7400000000e-02
        11    9.7736984591e+02    1.1042768830e+06    2.7875105566e+01    9.4949474034e+02    2.4386571748e+01    1.3050037665e+01   -9.5615038461e+00    0.0000000000e+00    8.0000000000e+02    3.8148164817e+00    4.4750000000e-02
        12    9.8062700825e+02    1.0991888295e+06    2.7839953810e+01    9.5278705444e+02    2.4352805312e+01    1.3050037665e+01   -9.5628891670e+00    0.0000000000e+00    8.0000000000e+02    3.8087896695e+00    4.6075000000e-02
        13    8.9796446387e+02    9.5561991283e+05    2.7691339224e+01    8.7027312465e+02    2.4201951426e+01    1.3050037665e+01   -9.5606498670e+00    0.0000000000e+00    8.0000000000e+02    3.8152643937e+00    4.7025000000e-02
        14    9.8818879398e+02    1.1453777858e+06    2.9422569253e+01    9.5876622472e+02    2.5932987371e+01    1.3050037665e+01   -9.5604557830e+00    0.0000000000e+00    8.0000000000e+02    3.8161321605e+00    4.5750000000e-02
        15    9.2042098989e+02    9.8731092374e+05    2.8030875481e+01    8.9239011441e+02    2.4541740929e+01    1.3050037665e+01   -9.5609031127e+00    0.0000000000e+00    8.0000000000e+02    3.8130358848e+00    4.6100000000e-02
        16    9.8004958499e+02    1.1072883828e+06    2.8204983809e+01    9.5184460118e+02    2.4717282241e+01    1.3050037665e+01   -9.5623360961e+00    0.0000000000e+00    8.0000000000e+02    3.8154630847e+00    4.6825000000e-02
        17    1.0325326614e+03    1.2078413521e+06    2.8408518721e+01    1.0041241427e+03    2.4918590083e+01    1.3050037665e+01   -9.5601090267e+00    0.0000000000e+00    8.0000000000e+02    3.8213880229e+00    4.6150000000e-02
        18    9.6814509619e+02    1.0900610916e+06    2.7439377668e+01    9.4070571852e+02    2.3951503601e+01    1.3050037665e+01   -9.5621635976e+00    0.0000000000e+00    8.0000000000e+02    3.8192154440e+00    4.5175000000e-02
        19    9.5585221737e+02    1.0693739323e+06    2.8417599366e+01    9.2743461801e+02    2.4929891349e+01    1.3050037665e+01   -9.5623296476e+00    0.0000000000e+00    8.0000000000e+02    3.8350356968e+00    4.5950000000e-02
        20    9.9658248789e+02    1.1328057185e+06    2.8039947249e+01    9.6854254064e+02    2.4552572081e+01    1.3050037665e+01   -9.5626624967e+00    0.0000000000e+00    8.0000000000e+02    3.8349302446e+00    4.3950000000e-02
        21    9.7149095390e+02    1.1156298566e+06    2.8297798434e+01    9.4319315547e+02    2.4810446492e+01    1.3050037665e+01   -9.5626857223e+00    0.0000000000e+00    8.0000000000e+02    3.8455940007e+00    4.5525000000e-02
        22    9.1327192758e+02    9.8202914152e+05    2.8187372017e+01    8.8508455556e+02    2.4700136151e+01    1.3050037665e+01   -9.5628017987e+00    0.0000000000e+00    8.0000000000e+02    3.8207622082e+00    4.7050000000e-02
        23    9.5295840570e+02    1.0927447301e+06    2.8843251590e+01    9.2411515411e+02    2.5353228020e+01    1.3050037665e+01   -9.5600140947e+00    0.0000000000e+00    8.0000000000e+02    3.8432350394e+00    4.7350000000e-02
        24    9.7146774288e+02    1.0861466155e+06    2.8861242400e+01    9.4260650048e+02    2.5371681450e+01    1.3050037665e+01   -9.5604767156e+00    0.0000000000e+00    8.0000000000e+02    3.8474574895e+00    4.5275000000e-02
        25    9.7246738016e+02    1.0925655749e+06    2.9308436506e+01    9.4315894366e+02    2.5818463766e+01    1.3050037665e+01   -9.5600649248e+00    0.0000000000e+00    8.0000000000e+02    3.8508504729e+00    4.8575000000e-02
        26    9.3256101455e+02    1.0197282421e+06    2.8333718767e+01    9.0422729578e+02    2.4846414139e+01    1.3050037665e+01   -9.5627330372e+00    0.0000000000e+00    8.0000000000e+02    3.8297748528e+00    4.7925000000e-02
        27    9.6600739061e+02    1.0649700844e+06    2.8704919039e+01    9.3730247157e+02    2.5216397237e+01    1.3050037665e+01   -9.5615158627e+00    0.0000000000e+00    8.0000000000e+02    3.8165069750e+00    4.4375000000e-02
        28    9.9069807200e+02    1.1131365576e+06    2.8636912318e+01    9.6206115969e+02    2.5146785790e+01    1.3050037665e+01   -9.5599111373e+00    0.0000000000e+00    8.0000000000e+02    3.8034806454e+00    4.5650000000e-02
        29    9.7762887484e+02    1.0850843583e+06    2.8231292132e+01    9.4939758270e+02    2.4742415567e+01    1.3050037665e+01   -9.5611610997e+00    0.0000000000e+00    8.0000000000e+02    3.8293690938e+00    4.6825000000e-02
        30    9.5050293681e+02    1.0550075639e+06    2.8387168766e+01    9.2211576805e+02    2.4898179828e+01    1.3050037665e+01   -9.5610487272e+00    0.0000000000e+00    8.0000000000e+02    3.7960249468e+00    4.8400000000e-02
        31    1.0163246954e+03    1.1438249512e+06    2.8521672424e+01    9.8780302297e+02    2.5033416217e+01    1.3050037665e+01   -9.5617814579e+00    0.0000000000e+00    8.0000000000e+02    3.8077088261e+00    4.5325000000e-02
        32    9.6291652524e+02    1.0696874452e+06    2.7649056613e+01    9.3526746863e+02    2.4159857870e+01    1.3050037665e+01   -9.5608389223e+00    0.0000000000e+00    8.0000000000e+02    3.8215099748e+00    4.5700000000e-02
        33    9.2194646825e+02    9.8369252194e+05    2.9288087542e+01    8.9265838071e+02    2.5798086902e+01    1.3050037665e+01   -9.5600370255e+00    0.0000000000e+00    8.0000000000e+02    3.8292169337e+00    4.5900000000e-02
        34    9.3143071132e+02    1.0102162506e+06    2.8504578924e+01    9.0292613240e+02    2.5015787023e+01    1.3050037665e+01   -9.5612457638e+00    0.0000000000e+00    8.0000000000e+02    3.8370498714e+00    4.5850000000e-02
        35    9.8287229478e+02    1.1210680344e+06    2.9512475562e+01    9.5335981921e+02    2.6023176691e+01    1.3050037665e+01   -9.5607387937e+00    0.0000000000e+00    8.0000000000e+02    3.8278939617e+00    4.6850000000e-02
        36    1.0170558405e+03    1.1396978095e+06    2.9292271030e+01    9.8776356948e+02    2.5803526218e+01    1.3050037665e+01   -9.5612928533e+00    0.0000000000e+00    8.0000000000e+02    3.8382922639e+00    4.7325000000e-02
        37    9.7119673756e+02    1.0892767117e+06    2.8909463023e+01    9.4228727454e+02    2.5422221008e+01    1.3050037665e+01   -9.5627956489e+00    0.0000000000e+00    8.0000000000e+02    3.7779908372e+00    4.6550000000e-02
        38    9.3886863217e+02    1.0201218089e+06    2.8393398452e+01    9.1047523372e+02    2.4903505294e+01    1.3050037665e+01   -9.5601445063e+00    0.0000000000e+00    8.0000000000e+02    3.8107019729e+00    4.7175000000e-02
        39    9.7393093416e+02    1.1046331135e+06    2.9119279248e+01    9.4481165491e+02    2.5629738144e+01    1.3050037665e+01   -9.5604965604e+00    0.0000000000e+00    8.0000000000e+02    3.8031206785e+00    4.7550000000e-02
