#   index    LocalEnergy         LocalEnergy_sq      LocalPotential      Kinetic             ElecElec            IonIon              LocalECP            NonLocalECP         BlockWeight         BlockCPU            AcceptRatio         
         0   -2.2424686226e+00    5.0641687764e+00   -4.0490417208e+00    1.8065730982e+00    1.9579307481e+00    1.7953086932e+00   -8.0002201833e+00    1.9793902117e-01    5.1200000000e+03    6.1108595133e-01    6.9792480469e-01
         1   -2.2378167320e+00    5.0891703042e+00   -4.0766575115e+00    1.8388407795e+00    1.9758850989e+00    1.7953086932e+00   -8.0386874698e+00    1.9083616617e-01    5.1200000000e+03    6.1185574532e-01    6.9987792969e-01
         2   -2.2301503830e+00    5.0012076656e+00   -4.0658839486e+00    1.8357335655e+00    1.9658666308e+00    1.7953086932e+00   -8.0250671155e+00    1.9800784293e-01    5.1200000000e+03    6.1170345545e-01    6.9323730469e-01
         3   -2.2404492935e+00    5.0441803034e+00   -4.0055339820e+00    1.7650846885e+00    1.9424210376e+00    1.7953086932e+00   -7.9114381792e+00    1.6817446628e-01    5.1200000000e+03    6.0959994793e-01    6.9987792969e-01
         4   -2.2428184116e+00    5.0968559590e+00   -4.0972722337e+00    1.8544538221e+00    1.9603038060e+00    1.7953086932e+00   -8.0368606763e+00    1.8397594337e-01    5.1200000000e+03    6.0544025898e-01    6.9741210938e-01
         5   -2.2454373711e+00    5.1133844543e+00   -4.0449866739e+00    1.7995493027e+00    1.9516210660e+00    1.7953086932e+00   -7.9682885979e+00    1.7637216483e-01    5.1200000000e+03    6.1008399725e-01    6.9458007812e-01
         6   -2.2398130779e+00    5.0490145189e+00   -4.0486966557e+00    1.8088835778e+00    1.9368253873e+00    1.7953086932e+00   -7.9469840258e+00    1.6615328962e-01    5.1200000000e+03    6.0855025053e-01    6.9951171875e-01
         7   -2.2423473764e+00    5.0679667106e+00   -4.0996183334e+00    1.8572709570e+00    1.9399832183e+00    1.7953086932e+00   -8.0217412850e+00    1.8683104012e-01    5.1200000000e+03    6.0827100277e-01    6.9826660156e-01
         8   -2.2418927660e+00    5.0647245480e+00   -4.1255747458e+00    1.8836819798e+00    1.9645971451e+00    1.7953086932e+00   -8.0674988009e+00    1.8201821676e-01    5.1200000000e+03    6.0954755545e-01    6.9699707031e-01
         9   -2.2349961223e+00    5.0215115960e+00   -4.1180935938e+00    1.8830974715e+00    1.9556695626e+00    1.7953086932e+00   -8.0611709827e+00    1.9209913306e-01    5.1200000000e+03    6.0784679651e-01    6.9284667969e-01
        10   -2.2387752151e+00    5.0575177241e+00   -4.0751103984e+00    1.8363351833e+00    1.9427367447e+00    1.7953086932e+00   -7.9881057448e+00    1.7494990849e-01    5.1200000000e+03    6.0607975721e-01    6.9750976562e-01
        11   -2.2391713261e+00    5.0526376977e+00   -4.0426773266e+00    1.8035060005e+00    1.9458798985e+00    1.7953086932e+00   -7.9701667921e+00    1.8630087380e-01    5.1200000000e+03    6.0831445456e-01    6.9877929687e-01
        12   -2.2359148708e+00    5.0451340362e+00   -4.0010506603e+00    1.7651357895e+00    1.9444900656e+00    1.7953086932e+00   -7.8967206838e+00    1.5587126475e-01    5.1200000000e+03    6.1127555370e-01    7.0212402344e-01
        13   -2.2373066576e+00    5.0383002296e+00   -3.9927073487e+00    1.7554006910e+00    1.9575471710e+00    1.7953086932e+00   -7.9334619877e+00    1.8789877483e-01    5.1200000000e+03    6.0952353477e-01    6.9824218750e-01
        14   -2.2366575817e+00    5.0374119353e+00   -4.0547884128e+00    1.8181308311e+00    1.9541795609e+00    1.7953086932e+00   -7.9808847138e+00    1.7660804691e-01    5.1200000000e+03    6.1526215076e-01    7.0209960938e-01
        15   -2.2343966972e+00    5.0171016247e+00   -3.9409099701e+00    1.7065132728e+00    1.9429650921e+00    1.7953086932e+00   -7.8724092501e+00    1.9322549474e-01    5.1200000000e+03    6.0895264149e-01    6.9978027344e-01
        16   -2.2417396014e+00    5.0695574772e+00   -4.0464677662e+00    1.8047281648e+00    1.9308187241e+00    1.7953086932e+00   -7.9304472929e+00    1.5785210938e-01    5.1200000000e+03    6.0900509357e-01    7.0141601562e-01
        17   -2.2379622229e+00    5.0455387284e+00   -4.0333882928e+00    1.7954260699e+00    1.9417192049e+00    1.7953086932e+00   -7.9625151790e+00    1.9209898812e-01    5.1200000000e+03    6.1122798920e-01    6.9804687500e-01
        18   -2.2391977739e+00    5.0485237612e+00   -4.0951908069e+00    1.8559930330e+00    1.9535105480e+00    1.7953086932e+00   -8.0248545187e+00    1.8084447064e-01    5.1200000000e+03    6.1027675867e-01    6.9660644531e-01
        19   -2.2392991033e+00    5.0369755970e+00   -4.0424184716e+00    1.8031193683e+00    1.9721918142e+00    1.7953086932e+00   -8.0000478471e+00    1.9012886805e-01    5.1200000000e+03    6.1294937134e-01    6.9628906250e-01
        20   -2.2399673925e+00    5.0494162544e+00   -4.0424326894e+00    1.8024652969e+00    1.9539468893e+00    1.7953086932e+00   -7.9798678843e+00    1.8817961242e-01    5.1200000000e+03    6.0995525122e-01    6.9643554687e-01
        21   -2.2370437429e+00    5.0266839927e+00   -4.0470701935e+00    1.8100264506e+00    1.9406200482e+00    1.7953086932e+00   -7.9729701037e+00    1.8997116874e-01    5.1200000000e+03    6.0764974356e-01    6.9567871094e-01
        22   -2.2428018618e+00    5.0776283413e+00   -4.0948763144e+00    1.8520744526e+00    1.9500010345e+00    1.7953086932e+00   -8.0163149552e+00    1.7612891311e-01    5.1200000000e+03    6.0787677765e-01    6.9118652344e-01
        23   -2.2412614138e+00    5.0544425640e+00   -4.0056564707e+00    1.7643950570e+00    1.9420171546e+00    1.7953086932e+00   -7.9526975819e+00    2.0971526336e-01    5.1200000000e+03    6.1236625910e-01    6.9755859375e-01
        24   -2.2440205479e+00    5.0862947843e+00   -4.0370173659e+00    1.7929968180e+00    1.9374115320e+00    1.7953086932e+00   -7.9448544023e+00    1.7511681113e-01    5.1200000000e+03    6.0677194595e-01    6.9958496094e-01
        25   -2.2420294329e+00    5.0607952079e+00   -4.0454018433e+00    1.8033724104e+00    1.9544271183e+00    1.7953086932e+00   -7.9892278240e+00    1.9409016914e-01    5.1200000000e+03    6.0743325949e-01    6.9787597656e-01
        26   -2.2386358183e+00    5.0397004499e+00   -4.0452114550e+00    1.8065756366e+00    1.9441585160e+00    1.7953086932e+00   -7.9709699878e+00    1.8629132362e-01    5.1200000000e+03    6.0860699415e-01    6.9960937500e-01
        27   -2.2340701404e+00    5.0281396186e+00   -4.0746424778e+00    1.8405723374e+00    1.9619306668e+00    1.7953086932e+00   -7.9956885811e+00    1.6380674324e-01    5.1200000000e+03    6.1104649305e-01    7.0078125000e-01
        28   -2.2367798262e+00    5.0457557105e+00   -4.0438361220e+00    1.8070562958e+00    1.9575311493e+00    1.7953086932e+00   -7.9725514202e+00    1.7587545575e-01    5.1200000000e+03    6.0805577040e-01    6.9829101562e-01
        29   -2.2378841304e+00    5.0458842194e+00   -4.0368411501e+00    1.7989570197e+00    1.9669740256e+00    1.7953086932e+00   -7.9822337230e+00    1.8310985404e-01    5.1200000000e+03    6.1154776812e-01    6.9553222656e-01
        30   -2.2345371994e+00    5.0523099775e+00   -4.0778411104e+00    1.8433039110e+00    1.9572028559e+00    1.7953086932e+00   -8.0265665397e+00    1.9621388023e-01    5.1200000000e+03    6.1315780878e-01    6.9909667969e-01
        31   -2.2383908378e+00    5.0513661566e+00   -4.0053448513e+00    1.7669540135e+00    1.9597609684e+00    1.7953086932e+00   -7.9371270033e+00    1.7671249036e-01    5.1200000000e+03    6.1186081171e-01    6.9965820313e-01
        32   -2.2407985372e+00    5.0834155930e+00   -4.0193500558e+00    1.7785515186e+00    1.9513066137e+00    1.7953086932e+00   -7.9446656727e+00    1.7870030992e-01    5.1200000000e+03    6.0917097330e-01    6.9958496094e-01
        33   -2.2464798820e+00    5.1011549332e+00   -4.0939516905e+00    1.8474718085e+00    1.9592981081e+00    1.7953086932e+00   -8.0118155015e+00    1.6325700968e-01    5.1200000000e+03    6.0700023174e-01    6.9382324219e-01
        34   -2.2353725425e+00    5.0276230618e+00   -4.0510243049e+00    1.8156517624e+00    1.9477075262e+00    1.7953086932e+00   -7.9813845387e+00    1.8734401434e-01    5.1200000000e+03    6.0907578468e-01    6.9689941406e-01
        35   -2.2328090875e+00    5.0094800791e+00   -4.0543958865e+00    1.8215867990e+00    1.9631666065e+00    1.7953086932e+00   -7.9899870966e+00    1.7711591050e-01    5.1200000000e+03    6.1132079363e-01    6.9875488281e-01
        36   -2.2362341837e+00    5.0246115322e+00   -4.0445097015e+00    1.8082755178e+00    1.9537795516e+00    1.7953086932e+00   -7.9918441700e+00    1.9824622369e-01    5.1200000000e+03    6.1284869909e-01    6.9992675781e-01
        37   -2.2399388414e+00    5.0446037617e+00   -4.0724649353e+00    1.8325260939e+00    1.9728529133e+00    1.7953086932e+00   -8.0173022385e+00    1.7667569675e-01    5.1200000000e+03    6.1204969883e-01    6.9274902344e-01
        38   -2.2360431671e+00    5.0243988893e+00   -4.0861672328e+00    1.8501240657e+00    1.9594909612e+00    1.7953086932e+00   -8.0279205404e+00    1.8695365320e-01    5.1200000000e+03    6.1012846231e-01    6.9626464844e-01
        39   -2.2415848672e+00    5.0473896178e+00   -4.0885881676e+00    1.8470033004e+00    1.9511441969e+00    1.7953086932e+00   -8.0129058340e+00    1.7786477635e-01    5.1200000000e+03    6.0654824972e-01    6.9482421875e-01
        40   -2.2408313961e+00    5.0658421598e+00   -4.0017776439e+00    1.7609462478e+00    1.9211840433e+00    1.7953086932e+00   -7.9044922805e+00    1.8622190013e-01    5.1200000000e+03    6.0711854696e-01    7.0041503906e-01
        41   -2.2327400716e+00    5.0708028774e+00   -4.0535222508e+00    1.8207821792e+00    1.9263136439e+00    1.7953086932e+00   -7.9207679696e+00    1.4562338168e-01    5.1200000000e+03    6.0795372725e-01    7.0061035156e-01
        42   -2.2430293452e+00    5.0866813196e+00   -4.1221895230e+00    1.8791601778e+00    1.9551289530e+00    1.7953086932e+00   -8.0362926703e+00    1.6366550103e-01    5.1200000000e+03    6.0949397087e-01    6.9653320312e-01
        43   -2.2414647524e+00    5.0974643383e+00   -4.0219984118e+00    1.7805336595e+00    1.9704532820e+00    1.7953086932e+00   -7.9716467326e+00    1.8388634558e-01    5.1200000000e+03    6.1232906580e-01    7.0161132813e-01
        44   -2.2369219923e+00    5.0452932582e+00   -4.0853539901e+00    1.8484319978e+00    1.9439855459e+00    1.7953086932e+00   -8.0085033589e+00    1.8385512970e-01    5.1200000000e+03    6.0741794109e-01    6.9401855469e-01
        45   -2.2383709109e+00    5.0389454903e+00   -4.0583401902e+00    1.8199692793e+00    1.9680359198e+00    1.7953086932e+00   -8.0128778009e+00    1.9119299772e-01    5.1200000000e+03    6.1147272587e-01    6.9418945313e-01
        46   -2.2407436284e+00    5.0796987081e+00   -4.0382140771e+00    1.7974704487e+00    1.9547137382e+00    1.7953086932e+00   -7.9548808467e+00    1.6664433816e-01    5.1200000000e+03    6.0972827673e-01    6.9663085938e-01
        47   -2.2371563295e+00    5.0450909741e+00   -4.0842296128e+00    1.8470732833e+00    1.9433686828e+00    1.7953086932e+00   -8.0044606278e+00    1.8155363903e-01    5.1200000000e+03    6.0888314247e-01    7.0087890625e-01
        48   -2.2459672525e+00    5.0698542688e+00   -4.0674452598e+00    1.8214780073e+00    1.9392786913e+00    1.7953086932e+00   -7.9489584802e+00    1.4692583591e-01    5.1200000000e+03    6.0656499863e-01    6.9697265625e-01
        49   -2.2414865936e+00    5.0719580756e+00   -4.0282517680e+00    1.7867651744e+00    1.9415953401e+00    1.7953086932e+00   -7.9575275196e+00    1.9237171835e-01    5.1200000000e+03    6.0877025127e-01    6.9863281250e-01
        50   -2.2414903640e+00    5.0567951124e+00   -4.0349690048e+00    1.7934786408e+00    1.9504866712e+00    1.7953086932e+00   -7.9577079686e+00    1.7694359932e-01    5.1200000000e+03    6.0774052143e-01    6.9421386719e-01
        51   -2.2425984292e+00    5.0952025259e+00   -4.0107575814e+00    1.7681591522e+00    1.9634182869e+00    1.7953086932e+00   -7.9543921130e+00    1.8490755146e-01    5.1200000000e+03    6.1032849550e-01    7.0290527344e-01
        52   -2.2427380029e+00    5.0575826997e+00   -4.0963532202e+00    1.8536152172e+00    1.9596739899e+00    1.7953086932e+00   -8.0299741901e+00    1.7863828685e-01    5.1200000000e+03    6.0641050339e-01    7.0014648438e-01
        53   -2.2450520436e+00    5.0758897996e+00   -4.0857489182e+00    1.8406968747e+00    1.9571974803e+00    1.7953086932e+00   -8.0182634422e+00    1.8000835042e-01    5.1200000000e+03    6.0671448708e-01    7.0129394531e-01
        54   -2.2383306623e+00    5.0426543384e+00   -4.0531451113e+00    1.8148144490e+00    1.9536604054e+00    1.7953086932e+00   -7.9790460030e+00    1.7693179306e-01    5.1200000000e+03    6.0709905624e-01    6.9660644531e-01
        55   -2.2429955823e+00    5.0955352584e+00   -4.0626345342e+00    1.8196389519e+00    1.9589966591e+00    1.7953086932e+00   -7.9821257582e+00    1.6518587164e-01    5.1200000000e+03    6.0966545343e-01    6.9848632812e-01
        56   -2.2433238174e+00    5.0935112899e+00   -4.0323478519e+00    1.7890240345e+00    1.9504665102e+00    1.7953086932e+00   -7.9640296000e+00    1.8590654466e-01    5.1200000000e+03    6.1010938883e-01    6.9763183594e-01
        57   -2.2425544690e+00    5.0583612868e+00   -4.0359681946e+00    1.7934137256e+00    1.9506386693e+00    1.7953086932e+00   -7.9740766520e+00    1.9216109479e-01    5.1200000000e+03    6.0920548439e-01    6.9792480469e-01
        58   -2.2385457721e+00    5.0491517941e+00   -4.0654514035e+00    1.8269056313e+00    1.9556227617e+00    1.7953086932e+00   -7.9962328045e+00    1.7984994614e-01    5.1200000000e+03    6.0935020447e-01    6.9113769531e-01
        59   -2.2393786174e+00    5.0386409497e+00   -4.0146533191e+00    1.7752747017e+00    1.9441815194e+00    1.7953086932e+00   -7.9395293692e+00    1.8538583753e-01    5.1200000000e+03    6.0817396641e-01    7.0290527344e-01
        60   -2.2354169931e+00    5.0202221852e+00   -4.0372582808e+00    1.8018412877e+00    1.9613476462e+00    1.7953086932e+00   -7.9885268353e+00    1.9461221515e-01    5.1200000000e+03    6.1169999838e-01    6.9492187500e-01
        61   -2.2401977434e+00    5.0603435935e+00   -4.0453592303e+00    1.8051614869e+00    1.9545580664e+00    1.7953086932e+00   -7.9541928801e+00    1.5896689015e-01    5.1200000000e+03    6.0818278790e-01    6.9736328125e-01
        62   -2.2374451400e+00    5.0308789753e+00   -4.1227578679e+00    1.8853127279e+00    1.9455659440e+00    1.7953086932e+00   -8.0336646177e+00    1.7003211256e-01    5.1200000000e+03    6.0821098089e-01    6.9648437500e-01
        63   -2.2390405207e+00    5.0400895177e+00   -4.0743001989e+00    1.8352596782e+00    1.9596014511e+00    1.7953086932e+00   -8.0214765003e+00    1.9226615713e-01    5.1200000000e+03    6.1108362675e-01    6.9707031250e-01
        64   -2.2366682965e+00    5.0337558492e+00   -4.0215302876e+00    1.7848619912e+00    1.9428152868e+00    1.7953086932e+00   -7.9239303271e+00    1.6427605953e-01    5.1200000000e+03    6.0943621397e-01    6.9941406250e-01
        65   -2.2401369681e+00    5.0591212929e+00   -4.0588649936e+00    1.8187280255e+00    1.9542473263e+00    1.7953086932e+00   -8.0032870919e+00    1.9486607879e-01    5.1200000000e+03    6.0704469681e-01    6.9821777344e-01
        66   -2.2407952176e+00    5.0525576392e+00   -3.9755122051e+00    1.7347169875e+00    1.9402733511e+00    1.7953086932e+00   -7.9102295838e+00    1.9913533442e-01    5.1200000000e+03    6.0800921917e-01    7.0139160156e-01
        67   -2.2393623414e+00    5.0427061375e+00   -4.0224390678e+00    1.7830767263e+00    1.9427268919e+00    1.7953086932e+00   -7.9393932034e+00    1.7891855046e-01    5.1200000000e+03    6.0759001970e-01    7.0073242187e-01
        68   -2.2382951001e+00    5.0440562302e+00   -4.0896450688e+00    1.8513499686e+00    1.9581671369e+00    1.7953086932e+00   -8.0149022767e+00    1.7178137783e-01    5.1200000000e+03    6.1070728302e-01    6.9506835938e-01
        69   -2.2401874045e+00    5.0519737766e+00   -4.0267800869e+00    1.7865926824e+00    1.9398403111e+00    1.7953086932e+00   -7.9554890860e+00    1.9355999488e-01    5.1200000000e+03    6.0988473892e-01    6.9880371094e-01
        70   -2.2428303647e+00    5.0711688480e+00   -4.0970611643e+00    1.8542307996e+00    1.9437371783e+00    1.7953086932e+00   -8.0137092952e+00    1.7760225939e-01    5.1200000000e+03    6.0708981752e-01    6.9606933594e-01
        71   -2.2443751748e+00    5.0670853113e+00   -4.0886415365e+00    1.8442663616e+00    1.9507165833e+00    1.7953086932e+00   -8.0010059897e+00    1.6633917668e-01    5.1200000000e+03    6.0909903049e-01    6.9621582031e-01
        72   -2.2409595523e+00    5.0677273274e+00   -4.0214221011e+00    1.7804625488e+00    1.9502674659e+00    1.7953086932e+00   -7.9365646554e+00    1.6956639521e-01    5.1200000000e+03    6.0746538639e-01    7.0161132813e-01
        73   -2.2373662861e+00    5.0392343347e+00   -4.0169831970e+00    1.7796169109e+00    1.9556209765e+00    1.7953086932e+00   -7.9407840601e+00    1.7287119344e-01    5.1200000000e+03    6.0833758116e-01    6.9931640625e-01
        74   -2.2311156784e+00    5.1323406379e+00   -4.0624926648e+00    1.8313769864e+00    1.9530764446e+00    1.7953086932e+00   -7.9640296213e+00    1.5315181874e-01    5.1200000000e+03    6.1123806238e-01    7.0212402344e-01
        75   -2.2340690419e+00    5.0162768644e+00   -4.1128655017e+00    1.8787964598e+00    1.9559229640e+00    1.7953086932e+00   -8.0536015085e+00    1.8950434966e-01    5.1200000000e+03    6.0681504011e-01    6.9436035156e-01
        76   -2.2351947170e+00    5.0329328564e+00   -4.0629223231e+00    1.8277276061e+00    1.9458235587e+00    1.7953086932e+00   -7.9872834792e+00    1.8322890418e-01    5.1200000000e+03    6.0757625103e-01    6.9335937500e-01
        77   -2.2359436821e+00    5.0358023430e+00   -4.0407111736e+00    1.8047674915e+00    1.9550237703e+00    1.7953086932e+00   -7.9686774978e+00    1.7763386068e-01    5.1200000000e+03    6.0958254337e-01    6.9892578125e-01
        78   -2.2354234331e+00    5.0243201125e+00   -4.0353739775e+00    1.7999505444e+00    1.9329903706e+00    1.7953086932e+00   -7.9381943552e+00    1.7452131388e-01    5.1200000000e+03    6.0977852345e-01    7.0463867187e-01
        79   -2.2386962145e+00    5.0427019987e+00   -4.0274838283e+00    1.7887876138e+00    1.9576307882e+00    1.7953086932e+00   -7.9557149150e+00    1.7529160529e-01    5.1200000000e+03    6.1037707329e-01    6.9624023438e-01
        80   -2.2381522227e+00    5.0376435852e+00   -4.0527068629e+00    1.8145546403e+00    1.9444256423e+00    1.7953086932e+00   -7.9706954055e+00    1.7825420712e-01    5.1200000000e+03    6.0933846235e-01    7.0395507812e-01
        81   -2.2386649003e+00    5.0356805903e+00   -4.0795633146e+00    1.8408984143e+00    1.9496506610e+00    1.7953086932e+00   -8.0081579478e+00    1.8363527899e-01    5.1200000000e+03    6.0518127680e-01    7.0012207031e-01
        82   -2.2328242349e+00    5.0137950086e+00   -4.0849558888e+00    1.8521316538e+00    1.9475410762e+00    1.7953086932e+00   -7.9885549013e+00    1.6074924304e-01    5.1200000000e+03    6.0949629545e-01    6.9436035156e-01
        83   -2.2371140287e+00    5.0329442927e+00   -4.0608744615e+00    1.8237604328e+00    1.9412484832e+00    1.7953086932e+00   -7.9775929903e+00    1.8016135237e-01    5.1200000000e+03    6.0835653543e-01    6.9992675781e-01
        84   -2.2350238564e+00    5.0272272755e+00   -4.1148947449e+00    1.8798708885e+00    1.9581051626e+00    1.7953086932e+00   -8.0464020977e+00    1.7809349700e-01    5.1200000000e+03    6.0718828440e-01    6.9558105469e-01
        85   -2.2358094911e+00    5.0261563159e+00   -4.0980273453e+00    1.8622178541e+00    1.9530911409e+00    1.7953086932e+00   -8.0324566692e+00    1.8602948979e-01    5.1200000000e+03    6.0874533653e-01    6.9296875000e-01
        86   -2.2389231425e+00    5.0375766354e+00   -4.0134326401e+00    1.7745094976e+00    1.9425811686e+00    1.7953086932e+00   -7.9260164308e+00    1.7469392882e-01    5.1200000000e+03    6.0614782572e-01    7.0554199219e-01
        87   -2.2415813777e+00    5.0828229295e+00   -4.1099778898e+00    1.8683965120e+00    1.9641894679e+00    1.7953086932e+00   -8.0473510832e+00    1.7787503227e-01    5.1200000000e+03    6.1182451248e-01    6.9636230469e-01
        88   -2.2378317732e+00    5.0342280513e+00   -4.1746589570e+00    1.9368271838e+00    1.9434650610e+00    1.7953086932e+00   -8.0813401369e+00    1.6790742576e-01    5.1200000000e+03    6.0705375671e-01    6.9763183594e-01
        89   -2.2384510074e+00    5.0497815247e+00   -4.0691831177e+00    1.8307321103e+00    1.9528342430e+00    1.7953086932e+00   -7.9761646060e+00    1.5883855208e-01    5.1200000000e+03    6.0994654894e-01    6.9738769531e-01
        90   -2.2397827781e+00    5.0500485781e+00   -4.0319560688e+00    1.7921732907e+00    1.9575581828e+00    1.7953086932e+00   -7.9816175699e+00    1.9679462509e-01    5.1200000000e+03    6.0859251022e-01    6.9389648437e-01
        91   -2.2408065394e+00    5.0590885554e+00   -4.0236944101e+00    1.7828878707e+00    1.9424634275e+00    1.7953086932e+00   -7.9391441264e+00    1.7767759569e-01    5.1200000000e+03    6.0737657547e-01    6.9592285156e-01
        92   -2.2383411888e+00    5.0399585277e+00   -4.0212334587e+00    1.7828922698e+00    1.9550514818e+00    1.7953086932e+00   -7.9548114956e+00    1.8321786190e-01    5.1200000000e+03    6.0861968994e-01    6.9702148438e-01
        93   -2.2410243796e+00    5.0684055848e+00   -4.0459735712e+00    1.8049491916e+00    1.9398721000e+00    1.7953086932e+00   -7.9520747806e+00    1.7092041625e-01    5.1200000000e+03    6.0889303684e-01    7.0314941406e-01
        94   -2.2350698670e+00    5.0239778736e+00   -4.0508716728e+00    1.8158018058e+00    1.9578350729e+00    1.7953086932e+00   -7.9829296078e+00    1.7891416902e-01    5.1200000000e+03    6.0587680340e-01    7.0126953125e-01
        95   -2.2390616361e+00    5.0415314916e+00   -4.1048887901e+00    1.8658271539e+00    1.9540636095e+00    1.7953086932e+00   -8.0394824365e+00    1.8522134367e-01    5.1200000000e+03    6.0972744226e-01    6.9475097656e-01
        96   -2.2335542912e+00    5.0250812863e+00   -4.0221902157e+00    1.7886359245e+00    1.9570750080e+00    1.7953086932e+00   -7.9577171829e+00    1.8314326593e-01    5.1200000000e+03    6.0809189081e-01    7.0012207031e-01
        97   -2.2454896530e+00    5.0819050320e+00   -4.0414618463e+00    1.7959721933e+00    1.9516132092e+00    1.7953086932e+00   -7.9709087443e+00    1.8252499559e-01    5.1200000000e+03    6.0739934444e-01    6.9492187500e-01
        98   -2.2395528176e+00    5.0382198085e+00   -4.0722757990e+00    1.8327229815e+00    1.9403565071e+00    1.7953086932e+00   -7.9808205845e+00    1.7287958522e-01    5.1200000000e+03    6.0882061720e-01    6.9514160156e-01
        99   -2.2364662106e+00    5.0313469253e+00   -4.0443214999e+00    1.8078552893e+00    1.9395715258e+00    1.7953086932e+00   -7.9838089049e+00    2.0460718596e-01    5.1200000000e+03    6.0823774338e-01    7.0334472656e-01
