#   index    LocalEnergy         LocalEnergy_sq      LocalPotential      Kinetic             ElecElec            IonIon              LocalECP            NonLocalECP         BlockWeight         BlockCPU            AcceptRatio         
         0   -1.2428809299e+01    1.5469190641e+02   -2.1973840748e+01    9.5450314491e+00    1.7939266946e+01    1.3050036718e+01   -5.3827265947e+01    8.6412153458e-01    1.0240000000e+04    3.7793650031e+00    5.4431152344e-01
         1   -1.2437884626e+01    1.5497933666e+02   -2.1971733001e+01    9.5338483747e+00    1.7980945383e+01    1.3050036718e+01   -5.3787416337e+01    7.8470123552e-01    1.0240000000e+04    3.7788485289e+00    5.4222167969e-01
         2   -1.2433242695e+01    1.5478660810e+02   -2.1880513800e+01    9.4472711042e+00    1.7961915366e+01    1.3050036718e+01   -5.3828981306e+01    9.3651542271e-01    1.0240000000e+04    3.7765350342e+00    5.4515625000e-01
         3   -1.2435529077e+01    1.5483445482e+02   -2.2011162536e+01    9.5756334589e+00    1.8006943790e+01    1.3050036718e+01   -5.3971608634e+01    9.0346558981e-01    1.0240000000e+04    3.7801177502e+00    5.4350585937e-01
         4   -1.2430847736e+01    1.5473052872e+02   -2.1949966787e+01    9.5191190506e+00    1.7924809383e+01    1.3050036718e+01   -5.3892841808e+01    9.6802892043e-01    1.0240000000e+04    3.7828267813e+00    5.4206054687e-01
         5   -1.2439267002e+01    1.5494454544e+02   -2.1899796896e+01    9.4605298945e+00    1.7991290954e+01    1.3050036718e+01   -5.3918848868e+01    9.7772429958e-01    1.0240000000e+04    3.8010343909e+00    5.4321289062e-01
         6   -1.2421162698e+01    1.5449160266e+02   -2.1885436161e+01    9.4642734630e+00    1.7930180229e+01    1.3050036718e+01   -5.3835375461e+01    9.6972235281e-01    1.0240000000e+04    3.7929112315e+00    5.4232421875e-01
         7   -1.2426691249e+01    1.5461189919e+02   -2.2106253573e+01    9.6795623244e+00    1.7985561142e+01    1.3050036718e+01   -5.4133575813e+01    9.9172437926e-01    1.0240000000e+04    3.7927965522e+00    5.4253906250e-01
         8   -1.2428810187e+01    1.5467353261e+02   -2.2038574243e+01    9.6097640557e+00    1.7942630969e+01    1.3050036718e+01   -5.3916676024e+01    8.8543409437e-01    1.0240000000e+04    3.7840492129e+00    5.4297363281e-01
         9   -1.2431585578e+01    1.5475059140e+02   -2.2130199554e+01    9.6986139764e+00    1.8042460227e+01    1.3050036718e+01   -5.4154696322e+01    9.3199982270e-01    1.0240000000e+04    3.7966452837e+00    5.4132812500e-01
        10   -1.2436171241e+01    1.5488492737e+02   -2.1951841340e+01    9.5156700986e+00    1.7986290293e+01    1.3050036718e+01   -5.3912923362e+01    9.2475501154e-01    1.0240000000e+04    3.7826037407e+00    5.4362304688e-01
        11   -1.2437825845e+01    1.5488242793e+02   -2.1968017014e+01    9.5301911684e+00    1.8005657838e+01    1.3050036718e+01   -5.3907349049e+01    8.8363747844e-01    1.0240000000e+04    3.7875994444e+00    5.4303222656e-01
        12   -1.2429318761e+01    1.5468029585e+02   -2.1939049184e+01    9.5097304232e+00    1.7940313238e+01    1.3050036718e+01   -5.3821203340e+01    8.9180420020e-01    1.0240000000e+04    3.7785592675e+00    5.4414550781e-01
        13   -1.2419009113e+01    1.5443244908e+02   -2.1920527749e+01    9.5015186364e+00    1.7961667847e+01    1.3050036718e+01   -5.3868378127e+01    9.3614581284e-01    1.0240000000e+04    3.7891592383e+00    5.4358886719e-01
        14   -1.2437230523e+01    1.5494437127e+02   -2.1958949218e+01    9.5217186948e+00    1.7963616894e+01    1.3050036718e+01   -5.3938691854e+01    9.6608902458e-01    1.0240000000e+04    3.7922210097e+00    5.4481933594e-01
        15   -1.2435586950e+01    1.5484455605e+02   -2.1934886696e+01    9.4992997462e+00    1.7972710882e+01    1.3050036718e+01   -5.3893275543e+01    9.3564124681e-01    1.0240000000e+04    3.7807573080e+00    5.4185546875e-01
        16   -1.2432338785e+01    1.5475463900e+02   -2.1948931697e+01    9.5165929119e+00    1.7973828312e+01    1.3050036718e+01   -5.3870499343e+01    8.9770261528e-01    1.0240000000e+04    3.7906854749e+00    5.4322753906e-01
        17   -1.2432577427e+01    1.5477281772e+02   -2.1859238768e+01    9.4266613413e+00    1.7951793689e+01    1.3050036718e+01   -5.3836103336e+01    9.7503416124e-01    1.0240000000e+04    3.7858214974e+00    5.4259765625e-01
        18   -1.2435043248e+01    1.5483111059e+02   -2.2003177765e+01    9.5681345174e+00    1.7957993940e+01    1.3050036718e+01   -5.3929104894e+01    9.1789647102e-01    1.0240000000e+04    3.7826145291e+00    5.4395507812e-01
        19   -1.2434864405e+01    1.5483266108e+02   -2.1964874037e+01    9.5300096316e+00    1.7985976390e+01    1.3050036718e+01   -5.3888926492e+01    8.8803934698e-01    1.0240000000e+04    3.7815282345e+00    5.4192871094e-01
        20   -1.2425525369e+01    1.5460900826e+02   -2.1883979986e+01    9.4584546178e+00    1.8008349635e+01    1.3050036718e+01   -5.3874900025e+01    9.3253368563e-01    1.0240000000e+04    3.7836172581e+00    5.4158691406e-01
        21   -1.2434565628e+01    1.5482608370e+02   -2.2046491447e+01    9.6119258197e+00    1.7948807426e+01    1.3050036718e+01   -5.3952811887e+01    9.0747629624e-01    1.0240000000e+04    3.7926100492e+00    5.4364257813e-01
        22   -1.2432711871e+01    1.5477723446e+02   -2.2010611783e+01    9.5778999127e+00    1.7971751145e+01    1.3050036718e+01   -5.3940259278e+01    9.0785963222e-01    1.0240000000e+04    3.7859486938e+00    5.4427246094e-01
        23   -1.2428233371e+01    1.5465386767e+02   -2.2011466889e+01    9.5832335176e+00    1.7992874065e+01    1.3050036718e+01   -5.3995139462e+01    9.4076179022e-01    1.0240000000e+04    3.7825105190e+00    5.4130371094e-01
        24   -1.2441595525e+01    1.5499199373e+02   -2.1944502646e+01    9.5029071213e+00    1.8004189248e+01    1.3050036718e+01   -5.3938140850e+01    9.3941223853e-01    1.0240000000e+04    3.7916915417e+00    5.4380859375e-01
        25   -1.2440119257e+01    1.5496501330e+02   -2.1851551535e+01    9.4114322785e+00    1.7965005992e+01    1.3050036718e+01   -5.3773319668e+01    9.0672542262e-01    1.0240000000e+04    3.7877354026e+00    5.4404785156e-01
        26   -1.2426495304e+01    1.5461327717e+02   -2.1898860524e+01    9.4723652196e+00    1.7936861991e+01    1.3050036718e+01   -5.3855222379e+01    9.6946314686e-01    1.0240000000e+04    3.7695060372e+00    5.4265625000e-01
        27   -1.2426698723e+01    1.5462204365e+02   -2.1897791434e+01    9.4710927107e+00    1.7946602841e+01    1.3050036718e+01   -5.3871666819e+01    9.7723582553e-01    1.0240000000e+04    3.7684315443e+00    5.4285644531e-01
        28   -1.2434011868e+01    1.5482822068e+02   -2.1860601216e+01    9.4265893484e+00    1.7948216559e+01    1.3050036718e+01   -5.3812416386e+01    9.5356189318e-01    1.0240000000e+04    3.7769200802e+00    5.4445312500e-01
        29   -1.2432645787e+01    1.5480621345e+02   -2.2065201264e+01    9.6325554770e+00    1.7940150678e+01    1.3050036718e+01   -5.3921095665e+01    8.6570700557e-01    1.0240000000e+04    3.7892028093e+00    5.4355468750e-01
        30   -1.2420100282e+01    1.5446674253e+02   -2.1995043452e+01    9.5749431702e+00    1.7985189390e+01    1.3050036718e+01   -5.3933216416e+01    9.0294685694e-01    1.0240000000e+04    3.7827730179e+00    5.4407714844e-01
        31   -1.2426223904e+01    1.5461326204e+02   -2.1984137492e+01    9.5579135881e+00    1.7940099331e+01    1.3050036718e+01   -5.3914643342e+01    9.4036980056e-01    1.0240000000e+04    3.7821115255e+00    5.4226562500e-01
        32   -1.2430438892e+01    1.5472642100e+02   -2.1961927258e+01    9.5314883668e+00    1.7999602616e+01    1.3050036718e+01   -5.3963078781e+01    9.5151218835e-01    1.0240000000e+04    3.7849157453e+00    5.4246093750e-01
        33   -1.2431139191e+01    1.5471934500e+02   -2.1991098967e+01    9.5599597760e+00    1.7981648393e+01    1.3050036718e+01   -5.3961913188e+01    9.3912911059e-01    1.0240000000e+04    3.7821565270e+00    5.4128417969e-01
        34   -1.2421818556e+01    1.5455301143e+02   -2.1865392283e+01    9.4435737272e+00    1.7911274973e+01    1.3050036718e+01   -5.3756526485e+01    9.2982251073e-01    1.0240000000e+04    3.7679104805e+00    5.4394042969e-01
        35   -1.2435925565e+01    1.5485808891e+02   -2.1956256900e+01    9.5203313348e+00    1.8007722261e+01    1.3050036718e+01   -5.3938732380e+01    9.2471650063e-01    1.0240000000e+04    3.7814572453e+00    5.4345703125e-01
        36   -1.2427875217e+01    1.5467855804e+02   -2.1935478649e+01    9.5076034319e+00    1.7958188049e+01    1.3050036718e+01   -5.3885167357e+01    9.4146394113e-01    1.0240000000e+04    3.7910268903e+00    5.4522949219e-01
        37   -1.2430359545e+01    1.5470701210e+02   -2.1876262910e+01    9.4459033649e+00    1.7953170476e+01    1.3050036718e+01   -5.3819422526e+01    9.3995242214e-01    1.0240000000e+04    3.7866285443e+00    5.4433105469e-01
        38   -1.2426879872e+01    1.5464513607e+02   -2.1963846827e+01    9.5369669550e+00    1.7955026086e+01    1.3050036718e+01   -5.3938965732e+01    9.7005610128e-01    1.0240000000e+04    3.7845939994e+00    5.4413085938e-01
        39   -1.2422194226e+01    1.5451859233e+02   -2.2020196396e+01    9.5980021699e+00    1.7980792631e+01    1.3050036718e+01   -5.3975132633e+01    9.2410688793e-01    1.0240000000e+04    3.7826162577e+00    5.4165039062e-01
        40   -1.2438854548e+01    1.5494992665e+02   -2.2037914561e+01    9.5990600123e+00    1.7971822934e+01    1.3050036718e+01   -5.3962568956e+01    9.0279474283e-01    1.0240000000e+04    3.7848370075e+00    5.4362792969e-01
        41   -1.2435994827e+01    1.5486309782e+02   -2.1898640773e+01    9.4626459462e+00    1.7976388444e+01    1.3050036718e+01   -5.3861170539e+01    9.3610460475e-01    1.0240000000e+04    3.7896895409e+00    5.4619628906e-01
        42   -1.2441593716e+01    1.5499618941e+02   -2.1906440116e+01    9.4648464004e+00    1.7967900834e+01    1.3050036718e+01   -5.3874504066e+01    9.5012639789e-01    1.0240000000e+04    3.7802047133e+00    5.4373046875e-01
        43   -1.2438821809e+01    1.5492898102e+02   -2.1879228553e+01    9.4404067440e+00    1.7947295834e+01    1.3050036718e+01   -5.3804923880e+01    9.2836277473e-01    1.0240000000e+04    3.7731500268e+00    5.4382324219e-01
        44   -1.2435743064e+01    1.5485631224e+02   -2.1957691915e+01    9.5219488512e+00    1.7987759800e+01    1.3050036718e+01   -5.3943488586e+01    9.4800015266e-01    1.0240000000e+04    3.7907944918e+00    5.4423828125e-01
        45   -1.2420516230e+01    1.5444739022e+02   -2.1861918999e+01    9.4414027686e+00    1.7934704513e+01    1.3050036718e+01   -5.3774588390e+01    9.2792816002e-01    1.0240000000e+04    3.7815682888e+00    5.4199218750e-01
        46   -1.2427022881e+01    1.5463038709e+02   -2.1886254605e+01    9.4592317237e+00    1.7968766141e+01    1.3050036718e+01   -5.3892832158e+01    9.8777469317e-01    1.0240000000e+04    3.7807047963e+00    5.4454101562e-01
        47   -1.2430704193e+01    1.5472416205e+02   -2.1980710531e+01    9.5500063385e+00    1.7985134681e+01    1.3050036718e+01   -5.3893611749e+01    8.7772981974e-01    1.0240000000e+04    3.7905389667e+00    5.4289550781e-01
        48   -1.2418360287e+01    1.5441196785e+02   -2.1864273460e+01    9.4459131729e+00    1.7969400497e+01    1.3050036718e+01   -5.3840090418e+01    9.5637974277e-01    1.0240000000e+04    3.7853491902e+00    5.4027343750e-01
        49   -1.2427075004e+01    1.5461741416e+02   -2.1927693651e+01    9.5006186464e+00    1.7979568038e+01    1.3050036718e+01   -5.3900176410e+01    9.4287800337e-01    1.0240000000e+04    3.7856630087e+00    5.4196289063e-01
        50   -1.2433170943e+01    1.5481630394e+02   -2.1984269912e+01    9.5510989683e+00    1.7925596955e+01    1.3050036718e+01   -5.3854322756e+01    8.9441917186e-01    1.0240000000e+04    3.7694005966e+00    5.4145996094e-01
        51   -1.2439811154e+01    1.5495253212e+02   -2.1929409222e+01    9.4895980680e+00    1.7936545108e+01    1.3050036718e+01   -5.3883254299e+01    9.6726325174e-01    1.0240000000e+04    3.7726347446e+00    5.4371093750e-01
        52   -1.2425479512e+01    1.5460414706e+02   -2.2022290222e+01    9.5968107100e+00    1.7976914711e+01    1.3050036718e+01   -5.3976536142e+01    9.2729449050e-01    1.0240000000e+04    3.7953225374e+00    5.4351562500e-01
        53   -1.2434819437e+01    1.5481847585e+02   -2.1911880627e+01    9.4770611898e+00    1.7926252403e+01    1.3050036718e+01   -5.3804291783e+01    9.1612203478e-01    1.0240000000e+04    3.7868707776e+00    5.4515136719e-01
        54   -1.2435311821e+01    1.5483101078e+02   -2.2006690396e+01    9.5713785744e+00    1.7993226241e+01    1.3050036718e+01   -5.3991628291e+01    9.4167493656e-01    1.0240000000e+04    3.7867143154e+00    5.4154785156e-01
        55   -1.2435775979e+01    1.5485921042e+02   -2.1940092162e+01    9.5043161828e+00    1.8017402155e+01    1.3050036718e+01   -5.4010764719e+01    1.0032336843e+00    1.0240000000e+04    3.7900647521e+00    5.4303222656e-01
        56   -1.2431617651e+01    1.5475827463e+02   -2.1936723664e+01    9.5051060138e+00    1.7963354988e+01    1.3050036718e+01   -5.3900240722e+01    9.5012535133e-01    1.0240000000e+04    3.7833960652e+00    5.4251464844e-01
        57   -1.2430377885e+01    1.5471926985e+02   -2.1830557856e+01    9.4001799716e+00    1.7916868722e+01    1.3050036718e+01   -5.3737613602e+01    9.4015030618e-01    1.0240000000e+04    3.7776145339e+00    5.4484863281e-01
        58   -1.2433666955e+01    1.5479358316e+02   -2.1879857027e+01    9.4461900725e+00    1.7979688595e+01    1.3050036718e+01   -5.3884540994e+01    9.7495865373e-01    1.0240000000e+04    3.7782246470e+00    5.4443847656e-01
        59   -1.2437666229e+01    1.5489614370e+02   -2.2015302844e+01    9.5776366149e+00    1.7951264548e+01    1.3050036718e+01   -5.3901871699e+01    8.8526758982e-01    1.0240000000e+04    3.7853175402e+00    5.4428222656e-01
        60   -1.2434947656e+01    1.5485711569e+02   -2.1920578110e+01    9.4856304543e+00    1.7938289682e+01    1.3050036718e+01   -5.3806779177e+01    8.9787466625e-01    1.0240000000e+04    3.7915159464e+00    5.4360351562e-01
        61   -1.2432851478e+01    1.5476112726e+02   -2.1882328329e+01    9.4494768518e+00    1.7966565228e+01    1.3050036718e+01   -5.3877242321e+01    9.7831204518e-01    1.0240000000e+04    3.7878260612e+00    5.4361328125e-01
        62   -1.2423812797e+01    1.5453086506e+02   -2.1976750847e+01    9.5529380503e+00    1.7996720526e+01    1.3050036718e+01   -5.3974768124e+01    9.5126003251e-01    1.0240000000e+04    3.7826217413e+00    5.4359863281e-01
        63   -1.2427429083e+01    1.5463025870e+02   -2.1932908500e+01    9.5054794169e+00    1.7979938596e+01    1.3050036718e+01   -5.3868380646e+01    9.0549683092e-01    1.0240000000e+04    3.7850599885e+00    5.4342285156e-01
        64   -1.2434285434e+01    1.5482804920e+02   -2.2009603424e+01    9.5753179903e+00    1.7982579183e+01    1.3050036718e+01   -5.3995173906e+01    9.5295458139e-01    1.0240000000e+04    3.7958672047e+00    5.4311035156e-01
        65   -1.2425041901e+01    1.5461463292e+02   -2.1874383233e+01    9.4493413321e+00    1.7948509321e+01    1.3050036718e+01   -5.3810154436e+01    9.3722516350e-01    1.0240000000e+04    3.7808042765e+00    5.4415039062e-01
        66   -1.2427007187e+01    1.5462378596e+02   -2.2004711996e+01    9.5777048091e+00    1.7988596783e+01    1.3050036718e+01   -5.3997783243e+01    9.5443774527e-01    1.0240000000e+04    3.7809435129e+00    5.4326660156e-01
        67   -1.2430491963e+01    1.5471018987e+02   -2.1937073860e+01    9.5065818965e+00    1.7960644851e+01    1.3050036718e+01   -5.3859864049e+01    9.1210862048e-01    1.0240000000e+04    3.7829435468e+00    5.4558105469e-01
        68   -1.2435401815e+01    1.5485140741e+02   -2.1963073561e+01    9.5276717458e+00    1.7962922268e+01    1.3050036718e+01   -5.3871431021e+01    8.9539847363e-01    1.0240000000e+04    3.7961220145e+00    5.4373046875e-01
        69   -1.2438336652e+01    1.5491904769e+02   -2.1941873096e+01    9.5035364434e+00    1.7946651886e+01    1.3050036718e+01   -5.3855780573e+01    9.1721887268e-01    1.0240000000e+04    3.7890008688e+00    5.4238281250e-01
        70   -1.2426954580e+01    1.5464002662e+02   -2.2079652550e+01    9.6526979708e+00    1.8039004917e+01    1.3050036718e+01   -5.4055465746e+01    8.8677156028e-01    1.0240000000e+04    3.7854755521e+00    5.4154785156e-01
        71   -1.2438741293e+01    1.5495213396e+02   -2.2079362290e+01    9.6406209978e+00    1.8011980631e+01    1.3050036718e+01   -5.4079323503e+01    9.3794386363e-01    1.0240000000e+04    3.7948026657e+00    5.4413574219e-01
        72   -1.2435205215e+01    1.5482556104e+02   -2.1971375576e+01    9.5361703616e+00    1.7952432215e+01    1.3050036718e+01   -5.3946940553e+01    9.7309604389e-01    1.0240000000e+04    3.7827386856e+00    5.4456542969e-01
        73   -1.2427293461e+01    1.5461569838e+02   -2.2020313286e+01    9.5930198246e+00    1.7938458880e+01    1.3050036718e+01   -5.3860841149e+01    8.5203226533e-01    1.0240000000e+04    3.7799721956e+00    5.4474121094e-01
        74   -1.2422418661e+01    1.5450119547e+02   -2.1949690571e+01    9.5272719097e+00    1.7970779127e+01    1.3050036718e+01   -5.3910109813e+01    9.3960339753e-01    1.0240000000e+04    3.7826970220e+00    5.4392578125e-01
        75   -1.2430032660e+01    1.5469927262e+02   -2.1979655243e+01    9.5496225832e+00    1.7963966093e+01    1.3050036718e+01   -5.3918717773e+01    9.2505971956e-01    1.0240000000e+04    3.7784540653e+00    5.4260742187e-01
        76   -1.2430071034e+01    1.5472903776e+02   -2.1976616976e+01    9.5465459418e+00    1.7966329853e+01    1.3050036718e+01   -5.3928199513e+01    9.3521596632e-01    1.0240000000e+04    3.8058969975e+00    5.4408203125e-01
        77   -1.2427781715e+01    1.5467831115e+02   -2.1952554659e+01    9.5247729440e+00    1.7991244223e+01    1.3050036718e+01   -5.3904104540e+01    9.1026893930e-01    1.0240000000e+04    3.7937148213e+00    5.4480957031e-01
        78   -1.2434036176e+01    1.5479993176e+02   -2.1964407626e+01    9.5303714497e+00    1.7978649331e+01    1.3050036718e+01   -5.4033642087e+01    1.0405484115e+00    1.0240000000e+04    3.7848562002e+00    5.4404785156e-01
        79   -1.2435289939e+01    1.5484907534e+02   -2.2092414612e+01    9.6571246731e+00    1.8021508745e+01    1.3050036718e+01   -5.4072551653e+01    9.0859157846e-01    1.0240000000e+04    3.8018202186e+00    5.4278808594e-01
        80   -1.2429129169e+01    1.5468626892e+02   -2.1813179226e+01    9.3840500569e+00    1.7916374517e+01    1.3050036718e+01   -5.3689610352e+01    9.1001989154e-01    1.0240000000e+04    3.7821674943e+00    5.4318847656e-01
        81   -1.2433180178e+01    1.5478872977e+02   -2.1920883700e+01    9.4877035220e+00    1.7952577986e+01    1.3050036718e+01   -5.3871465635e+01    9.4796723035e-01    1.0240000000e+04    3.7829186916e+00    5.4439453125e-01
        82   -1.2430443956e+01    1.5470344289e+02   -2.1877361947e+01    9.4469179911e+00    1.7979022358e+01    1.3050036718e+01   -5.3900438716e+01    9.9401769369e-01    1.0240000000e+04    3.7762140036e+00    5.4322265625e-01
        83   -1.2425113775e+01    1.5459170444e+02   -2.1925789868e+01    9.5006760924e+00    1.7963578408e+01    1.3050036718e+01   -5.3883354862e+01    9.4394986808e-01    1.0240000000e+04    3.7847102284e+00    5.4429199219e-01
        84   -1.2419925303e+01    1.5444279951e+02   -2.1934255761e+01    9.5143304580e+00    1.7971849281e+01    1.3050036718e+01   -5.3874327200e+01    9.1818543939e-01    1.0240000000e+04    3.7924472094e+00    5.4314453125e-01
        85   -1.2439524696e+01    1.5495962341e+02   -2.2057521793e+01    9.6179970966e+00    1.8006499296e+01    1.3050036718e+01   -5.4061431104e+01    9.4737329764e-01    1.0240000000e+04    3.7892515659e+00    5.4401855469e-01
        86   -1.2430243992e+01    1.5472642275e+02   -2.1913386188e+01    9.4831421960e+00    1.7980201848e+01    1.3050036718e+01   -5.3859120777e+01    9.1549602276e-01    1.0240000000e+04    3.7883442640e+00    5.4226074219e-01
        87   -1.2433643135e+01    1.5479445807e+02   -2.1868797996e+01    9.4351548617e+00    1.7970131139e+01    1.3050036718e+01   -5.3796403839e+01    9.0743798564e-01    1.0240000000e+04    3.7826499939e+00    5.4318847656e-01
        88   -1.2433533360e+01    1.5479340153e+02   -2.1947734565e+01    9.5142012049e+00    1.7978208259e+01    1.3050036718e+01   -5.3898465673e+01    9.2248613098e-01    1.0240000000e+04    3.7852817178e+00    5.4460449219e-01
        89   -1.2431097936e+01    1.5471877830e+02   -2.1951750251e+01    9.5206523152e+00    1.7992431926e+01    1.3050036718e+01   -5.3976796867e+01    9.8257797224e-01    1.0240000000e+04    3.7873317003e+00    5.4541503906e-01
        90   -1.2423522504e+01    1.5454049825e+02   -2.2117070783e+01    9.6935482792e+00    1.8042919506e+01    1.3050036718e+01   -5.4102232109e+01    8.9220510259e-01    1.0240000000e+04    3.7913456559e+00    5.4456054687e-01
        91   -1.2433988037e+01    1.5482035720e+02   -2.1991708322e+01    9.5577202847e+00    1.7927940937e+01    1.3050036718e+01   -5.3860913343e+01    8.9122736589e-01    1.0240000000e+04    3.7785050273e+00    5.4233886719e-01
        92   -1.2435462635e+01    1.5483910501e+02   -2.1985012780e+01    9.5495501456e+00    1.7943576505e+01    1.3050036718e+01   -5.3895262727e+01    9.1663672390e-01    1.0240000000e+04    3.7856698036e+00    5.4109863281e-01
        93   -1.2429807108e+01    1.5469374450e+02   -2.1871036090e+01    9.4412289822e+00    1.7943598793e+01    1.3050036718e+01   -5.3837753234e+01    9.7308163326e-01    1.0240000000e+04    3.7708629966e+00    5.4500488281e-01
        94   -1.2428352828e+01    1.5464680722e+02   -2.1968700814e+01    9.5403479862e+00    1.8002769411e+01    1.3050036718e+01   -5.3938966565e+01    9.1745962156e-01    1.0240000000e+04    3.7778377533e+00    5.4172851563e-01
        95   -1.2431840551e+01    1.5474800873e+02   -2.1867930888e+01    9.4360903373e+00    1.7909679933e+01    1.3050036718e+01   -5.3758536185e+01    9.3088864516e-01    1.0240000000e+04    3.7789882421e+00    5.4436523438e-01
        96   -1.2430511462e+01    1.5471453887e+02   -2.1958853350e+01    9.5283418885e+00    1.7922629816e+01    1.3050036718e+01   -5.3887094364e+01    9.5557448022e-01    1.0240000000e+04    3.7791460156e+00    5.4367675781e-01
        97   -1.2429669809e+01    1.5471596929e+02   -2.1955735706e+01    9.5260658978e+00    1.7930991582e+01    1.3050036718e+01   -5.3885827458e+01    9.4906345155e-01    1.0240000000e+04    3.7735437751e+00    5.4176269531e-01
        98   -1.2431482302e+01    1.5473316572e+02   -2.1953315837e+01    9.5218335355e+00    1.7955644945e+01    1.3050036718e+01   -5.3913285644e+01    9.5428814344e-01    1.0240000000e+04    3.7848237753e+00    5.4292480469e-01
        99   -1.2426225605e+01    1.5460153296e+02   -2.1976146235e+01    9.5499206301e+00    1.8025093629e+01    1.3050036718e+01   -5.3976783890e+01    9.2550730822e-01    1.0240000000e+04    3.7978477478e+00    5.4205078125e-01
