#   index    LocalEnergy         LocalEnergy_sq      LocalPotential      Kinetic             ElecElec            IonIon              LocalECP            NonLocalECP         BlockWeight         BlockCPU            AcceptRatio         
         0   -1.2408198369e+01    1.5419387993e+02   -2.2611828245e+01    1.0203629876e+01    1.7948098164e+01    1.3050036718e+01   -5.4783705362e+01    1.1737422352e+00    3.2000000000e+02    1.1624699831e-01    4.1906250000e-01
         1   -1.2465298134e+01    1.5567159896e+02   -2.2152078416e+01    9.6867802826e+00    1.8009725518e+01    1.3050036718e+01   -5.4189907360e+01    9.7806670708e-01    3.2000000000e+02    1.1408728361e-01    4.1843750000e-01
         2   -1.2449582736e+01    1.5514405866e+02   -2.1527614268e+01    9.0780315319e+00    1.7735844172e+01    1.3050036718e+01   -5.3443244682e+01    1.1297495242e+00    3.2000000000e+02    1.1344498396e-01    4.3234375000e-01
         3   -1.2396596839e+01    1.5388642204e+02   -2.2264838952e+01    9.8682421131e+00    1.8245345439e+01    1.3050036718e+01   -5.4602408413e+01    1.0421873043e+00    3.2000000000e+02    1.1488306522e-01    4.1718750000e-01
         4   -1.2445265749e+01    1.5509972216e+02   -2.2026660469e+01    9.5813947196e+00    1.7993511004e+01    1.3050036718e+01   -5.3951770943e+01    8.8156275283e-01    3.2000000000e+02    1.1436116695e-01    4.2937500000e-01
         5   -1.2407664725e+01    1.5411763848e+02   -2.2275206398e+01    9.8675416727e+00    1.8191162094e+01    1.3050036718e+01   -5.4557013017e+01    1.0406078072e+00    3.2000000000e+02    1.1404669285e-01    4.1296875000e-01
         6   -1.2438810395e+01    1.5496561495e+02   -2.1678129464e+01    9.2393190693e+00    1.8084239794e+01    1.3050036718e+01   -5.4095758754e+01    1.2833527785e+00    3.2000000000e+02    1.1479878426e-01    4.0968750000e-01
         7   -1.2390860829e+01    1.5368588646e+02   -2.1387383472e+01    8.9965226428e+00    1.7782871793e+01    1.3050036718e+01   -5.3119472076e+01    8.9918009322e-01    3.2000000000e+02    1.1186772585e-01    4.1828125000e-01
         8   -1.2379944163e+01    1.5354467252e+02   -2.2084055650e+01    9.7041114864e+00    1.8179558407e+01    1.3050036718e+01   -5.4356713451e+01    1.0430626763e+00    3.2000000000e+02    1.1458975077e-01    4.3234375000e-01
         9   -1.2408415914e+01    1.5414211027e+02   -2.2260278442e+01    9.8518625280e+00    1.7841408799e+01    1.3050036718e+01   -5.4028645928e+01    8.7692196811e-01    3.2000000000e+02    1.1427640915e-01    4.2656250000e-01
        10   -1.2440089950e+01    1.5498845477e+02   -2.2054281551e+01    9.6141916009e+00    1.7770893064e+01    1.3050036718e+01   -5.3758036117e+01    8.8282478438e-01    3.2000000000e+02    1.1327975988e-01    4.4078125000e-01
        11   -1.2431704767e+01    1.5468884671e+02   -2.1751325401e+01    9.3196206342e+00    1.8199895099e+01    1.3050036718e+01   -5.4151352384e+01    1.1500951651e+00    3.2000000000e+02    1.1419796944e-01    4.1015625000e-01
        12   -1.2494570644e+01    1.5647128540e+02   -2.2224919158e+01    9.7303485140e+00    1.7871722247e+01    1.3050036718e+01   -5.3762785388e+01    6.1610726543e-01    3.2000000000e+02    1.1374819279e-01    4.3750000000e-01
        13   -1.2429937499e+01    1.5472675351e+02   -2.1491305478e+01    9.0613679788e+00    1.8045943397e+01    1.3050036718e+01   -5.3369731437e+01    7.8244584421e-01    3.2000000000e+02    1.1320978403e-01    4.2843750000e-01
        14   -1.2411767732e+01    1.5420713672e+02   -2.1604504047e+01    9.1927363146e+00    1.7936552512e+01    1.3050036718e+01   -5.3666791922e+01    1.0756986457e+00    3.2000000000e+02    1.1387723684e-01    4.2593750000e-01
        15   -1.2434666074e+01    1.5479696578e+02   -2.2381265474e+01    9.9465994000e+00    1.8029928422e+01    1.3050036718e+01   -5.4052332095e+01    5.9110148089e-01    3.2000000000e+02    1.1393427849e-01    4.1656250000e-01
        16   -1.2395090189e+01    1.5385521937e+02   -2.1413073072e+01    9.0179828829e+00    1.7710717596e+01    1.3050036718e+01   -5.2981580200e+01    8.0775281381e-01    3.2000000000e+02    1.1175209284e-01    4.3343750000e-01
        17   -1.2454917474e+01    1.5530945457e+02   -2.1719080411e+01    9.2641629369e+00    1.7883613586e+01    1.3050036718e+01   -5.3702010790e+01    1.0492800751e+00    3.2000000000e+02    1.1496597528e-01    4.1890625000e-01
        18   -1.2403925778e+01    1.5405885043e+02   -2.1357933184e+01    8.9540074058e+00    1.7836772275e+01    1.3050036718e+01   -5.3292581156e+01    1.0478389782e+00    3.2000000000e+02    1.1338150501e-01    4.3015625000e-01
        19   -1.2476235797e+01    1.5589075479e+02   -2.1987346999e+01    9.5111112025e+00    1.8003609061e+01    1.3050036718e+01   -5.4147179430e+01    1.1061866510e+00    3.2000000000e+02    1.1416119337e-01    4.1406250000e-01
        20   -1.2426296406e+01    1.5462017449e+02   -2.2482224382e+01    1.0055927976e+01    1.8156707916e+01    1.3050036718e+01   -5.4886573363e+01    1.1976043466e+00    3.2000000000e+02    1.1438620090e-01    4.1734375000e-01
        21   -1.2433814136e+01    1.5478065329e+02   -2.1064166795e+01    8.6303526589e+00    1.8016053182e+01    1.3050036718e+01   -5.3124467805e+01    9.9421111093e-01    3.2000000000e+02    1.1317151785e-01    4.2875000000e-01
        22   -1.2416406005e+01    1.5432710635e+02   -2.1967842330e+01    9.5514363256e+00    1.7839085035e+01    1.3050036718e+01   -5.3521268141e+01    6.6430405729e-01    3.2000000000e+02    1.1243635416e-01    4.2265625000e-01
        23   -1.2466247432e+01    1.5570233635e+02   -2.2232498738e+01    9.7662513065e+00    1.8081619090e+01    1.3050036718e+01   -5.4259582545e+01    8.9542799898e-01    3.2000000000e+02    1.1352527142e-01    4.3000000000e-01
        24   -1.2422823596e+01    1.5451426399e+02   -2.2286402493e+01    9.8635788972e+00    1.8060929512e+01    1.3050036718e+01   -5.4352003857e+01    9.5463513375e-01    3.2000000000e+02    1.1458325386e-01    4.2296875000e-01
        25   -1.2470936073e+01    1.5644337076e+02   -2.2160464848e+01    9.6895287744e+00    1.7472643515e+01    1.3050036718e+01   -5.3500939368e+01    8.1779428727e-01    3.2000000000e+02    1.0998797417e-01    4.2812500000e-01
        26   -1.2439212872e+01    1.5492112722e+02   -2.1725765404e+01    9.2865525319e+00    1.7885857090e+01    1.3050036718e+01   -5.3530381075e+01    8.6872186293e-01    3.2000000000e+02    1.1273646355e-01    4.3640625000e-01
        27   -1.2468851518e+01    1.5562761862e+02   -2.2082687762e+01    9.6138362440e+00    1.8046686479e+01    1.3050036718e+01   -5.4064458183e+01    8.8504722314e-01    3.2000000000e+02    1.1387860775e-01    4.2687500000e-01
        28   -1.2397032246e+01    1.5385013794e+02   -2.1636230541e+01    9.2391982952e+00    1.7754809007e+01    1.3050036718e+01   -5.3269451143e+01    8.2837487665e-01    3.2000000000e+02    1.1295419931e-01    4.2437500000e-01
        29   -1.2452727501e+01    1.5523118559e+02   -2.1977205785e+01    9.5244782836e+00    1.7879782125e+01    1.3050036718e+01   -5.3892069526e+01    9.8504489818e-01    3.2000000000e+02    1.1295503378e-01    4.4062500000e-01
        30   -1.2425771906e+01    1.5454044449e+02   -2.1231360193e+01    8.8055882875e+00    1.7786301188e+01    1.3050036718e+01   -5.3104938410e+01    1.0372403101e+00    3.2000000000e+02    1.1322718859e-01    4.3343750000e-01
        31   -1.2426751623e+01    1.5459587049e+02   -2.1356091384e+01    8.9293397604e+00    1.7827248440e+01    1.3050036718e+01   -5.3137439105e+01    9.0406256279e-01    3.2000000000e+02    1.1231780052e-01    4.3375000000e-01
        32   -1.2409908047e+01    1.5433018293e+02   -2.2521431012e+01    1.0111522965e+01    1.8239381628e+01    1.3050036718e+01   -5.4720949877e+01    9.1010051871e-01    3.2000000000e+02    1.1460357904e-01    4.2171875000e-01
        33   -1.2414039462e+01    1.5426999949e+02   -2.1505625711e+01    9.0915862492e+00    1.7951049630e+01    1.3050036718e+01   -5.3372019647e+01    8.6530758804e-01    3.2000000000e+02    1.1319333315e-01    4.3812500000e-01
        34   -1.2415826336e+01    1.5433933903e+02   -2.2227225901e+01    9.8113995652e+00    1.8251851975e+01    1.3050036718e+01   -5.4752382839e+01    1.2232682452e+00    3.2000000000e+02    1.1340272427e-01    4.1234375000e-01
        35   -1.2473257440e+01    1.5575088009e+02   -2.2544041070e+01    1.0070783631e+01    1.8084644514e+01    1.3050036718e+01   -5.4652133613e+01    9.7341131017e-01    3.2000000000e+02    1.1554902792e-01    4.2531250000e-01
        36   -1.2436221073e+01    1.5484170209e+02   -2.1862825346e+01    9.4266042732e+00    1.7852812490e+01    1.3050036718e+01   -5.4064694424e+01    1.2990198700e+00    3.2000000000e+02    1.1264503002e-01    4.2484375000e-01
        37   -1.2424570298e+01    1.5456827259e+02   -2.2581826152e+01    1.0157255855e+01    1.8182079092e+01    1.3050036718e+01   -5.4524966591e+01    7.1102462840e-01    3.2000000000e+02    1.1421370506e-01    4.1671875000e-01
        38   -1.2448023599e+01    1.5516261728e+02   -2.1619648771e+01    9.1716251712e+00    1.8017160975e+01    1.3050036718e+01   -5.3903550694e+01    1.2167042307e+00    3.2000000000e+02    1.1168092489e-01    4.2171875000e-01
        39   -1.2445472398e+01    1.5503341516e+02   -2.1662441848e+01    9.2169694497e+00    1.7803149765e+01    1.3050036718e+01   -5.3199845965e+01    6.8421763389e-01    3.2000000000e+02    1.1168646812e-01    4.1687500000e-01
        40   -1.2438202827e+01    1.5497699685e+02   -2.2153904505e+01    9.7157016780e+00    1.7967852848e+01    1.3050036718e+01   -5.4070184188e+01    8.9839011708e-01    3.2000000000e+02    1.1287158728e-01    4.1625000000e-01
        41   -1.2464160629e+01    1.5553957295e+02   -2.1795071805e+01    9.3309111766e+00    1.8036629772e+01    1.3050036718e+01   -5.3812752585e+01    9.3101428973e-01    3.2000000000e+02    1.1596596241e-01    4.3703125000e-01
        42   -1.2426610351e+01    1.5467127985e+02   -2.1795235479e+01    9.3686251280e+00    1.7868112709e+01    1.3050036718e+01   -5.3693402086e+01    9.8001718021e-01    3.2000000000e+02    1.1248117685e-01    4.2031250000e-01
        43   -1.2463005112e+01    1.5574657265e+02   -2.1867320665e+01    9.4043155534e+00    1.8108139981e+01    1.3050036718e+01   -5.3933695335e+01    9.0819797092e-01    3.2000000000e+02    1.1421680450e-01    4.2593750000e-01
        44   -1.2385250940e+01    1.5381682237e+02   -2.2370836199e+01    9.9855852594e+00    1.8117252601e+01    1.3050036718e+01   -5.4539779262e+01    1.0016537434e+00    3.2000000000e+02    1.1428099871e-01    4.1578125000e-01
        45   -1.2435262253e+01    1.5492620464e+02   -2.1946876533e+01    9.5116142795e+00    1.8007076721e+01    1.3050036718e+01   -5.3816776868e+01    8.1278689636e-01    3.2000000000e+02    1.1261349916e-01    4.1843750000e-01
        46   -1.2452277851e+01    1.5525832710e+02   -2.1821672996e+01    9.3693951443e+00    1.7829690340e+01    1.3050036718e+01   -5.3687071680e+01    9.8567162594e-01    3.2000000000e+02    1.1237120628e-01    4.2515625000e-01
        47   -1.2434377376e+01    1.5481185126e+02   -2.1469648309e+01    9.0352709338e+00    1.8013795124e+01    1.3050036718e+01   -5.3289743775e+01    7.5626362421e-01    3.2000000000e+02    1.1264616251e-01    4.2343750000e-01
        48   -1.2427756367e+01    1.5465651890e+02   -2.2163788530e+01    9.7360321632e+00    1.8031848255e+01    1.3050036718e+01   -5.4271259659e+01    1.0255861556e+00    3.2000000000e+02    1.1403948069e-01    4.3234375000e-01
        49   -1.2485468459e+01    1.5608877688e+02   -2.1531699741e+01    9.0462312822e+00    1.7966902427e+01    1.3050036718e+01   -5.3591210622e+01    1.0425717356e+00    3.2000000000e+02    1.1356520653e-01    4.2984375000e-01
        50   -1.2461068823e+01    1.5554256031e+02   -2.2614495588e+01    1.0153426766e+01    1.8038463798e+01    1.3050036718e+01   -5.4063893964e+01    3.6089785978e-01    3.2000000000e+02    1.1403930187e-01    4.2546875000e-01
        51   -1.2455500273e+01    1.5539319947e+02   -2.2365359112e+01    9.9098588386e+00    1.7438030239e+01    1.3050036718e+01   -5.3870157884e+01    1.0167318156e+00    3.2000000000e+02    1.1225330830e-01    4.3421875000e-01
        52   -1.2422115535e+01    1.5450274465e+02   -2.1669897890e+01    9.2477823556e+00    1.8014175598e+01    1.3050036718e+01   -5.3470841638e+01    7.3673143249e-01    3.2000000000e+02    1.1463826895e-01    4.2296875000e-01
        53   -1.2407343718e+01    1.5407905285e+02   -2.1762275657e+01    9.3549319393e+00    1.7994118921e+01    1.3050036718e+01   -5.3617241797e+01    8.1081050110e-01    3.2000000000e+02    1.1418771744e-01    4.3281250000e-01
        54   -1.2422711164e+01    1.5450385294e+02   -2.1395831141e+01    8.9731199761e+00    1.7876804201e+01    1.3050036718e+01   -5.3544259531e+01    1.2215874716e+00    3.2000000000e+02    1.1446475983e-01    4.3593750000e-01
        55   -1.2410009876e+01    1.5420725192e+02   -2.2252390195e+01    9.8423803189e+00    1.8405649464e+01    1.3050036718e+01   -5.4825206707e+01    1.1171303295e+00    3.2000000000e+02    1.1394399405e-01    4.1187500000e-01
        56   -1.2412171019e+01    1.5432557047e+02   -2.2435109250e+01    1.0022938231e+01    1.8149374687e+01    1.3050036718e+01   -5.4905319292e+01    1.2707986365e+00    3.2000000000e+02    1.1356198788e-01    4.2562500000e-01
        57   -1.2407984841e+01    1.5411700666e+02   -2.2929409925e+01    1.0521425084e+01    1.7973281728e+01    1.3050036718e+01   -5.4860987649e+01    9.0825927833e-01    3.2000000000e+02    1.1425083876e-01    4.3078125000e-01
        58   -1.2447875611e+01    1.5510171815e+02   -2.1851066839e+01    9.4031912279e+00    1.7594732849e+01    1.3050036718e+01   -5.3486390876e+01    9.9055446991e-01    3.2000000000e+02    1.1138755083e-01    4.2515625000e-01
        59   -1.2410017232e+01    1.5412587452e+02   -2.1398440348e+01    8.9884231155e+00    1.7883397505e+01    1.3050036718e+01   -5.3166390772e+01    8.3451620101e-01    3.2000000000e+02    1.1266499758e-01    4.2828125000e-01
        60   -1.2409254216e+01    1.5422825816e+02   -2.1587445049e+01    9.1781908338e+00    1.8294984622e+01    1.3050036718e+01   -5.3842489117e+01    9.1002272819e-01    3.2000000000e+02    1.1520600319e-01    4.4218750000e-01
        61   -1.2400934569e+01    1.5395255332e+02   -2.1544776175e+01    9.1438416065e+00    1.7832943556e+01    1.3050036718e+01   -5.3314620247e+01    8.8686379751e-01    3.2000000000e+02    1.1491322517e-01    4.4703125000e-01
        62   -1.2443869912e+01    1.5505840425e+02   -2.1634160758e+01    9.1902908468e+00    1.7681205504e+01    1.3050036718e+01   -5.3409302237e+01    1.0438992559e+00    3.2000000000e+02    1.1343598366e-01    4.3546875000e-01
        63   -1.2402371805e+01    1.5398977131e+02   -2.2347725036e+01    9.9453532316e+00    1.8103881555e+01    1.3050036718e+01   -5.4250277670e+01    7.4863436140e-01    3.2000000000e+02    1.1364924908e-01    4.1437500000e-01
        64   -1.2435326199e+01    1.5484686249e+02   -2.2049241218e+01    9.6139150197e+00    1.8172765672e+01    1.3050036718e+01   -5.4118980686e+01    8.4693707761e-01    3.2000000000e+02    1.1485028267e-01    4.2562500000e-01
        65   -1.2387166974e+01    1.5362869816e+02   -2.2173216374e+01    9.7860494005e+00    1.7916418135e+01    1.3050036718e+01   -5.3749837949e+01    6.1016672128e-01    3.2000000000e+02    1.1307877302e-01    4.3140625000e-01
        66   -1.2484431769e+01    1.5679644610e+02   -2.1955144480e+01    9.4707127109e+00    1.7765006630e+01    1.3050036718e+01   -5.3456930574e+01    6.8674274620e-01    3.2000000000e+02    1.1247497797e-01    4.3859375000e-01
        67   -1.2447923503e+01    1.5513798246e+02   -2.2137596699e+01    9.6896731961e+00    1.7890716448e+01    1.3050036718e+01   -5.4134397938e+01    1.0560480730e+00    3.2000000000e+02    1.1201858521e-01    4.1937500000e-01
        68   -1.2422907199e+01    1.5447252882e+02   -2.1784088290e+01    9.3611810902e+00    1.7850520658e+01    1.3050036718e+01   -5.3788119225e+01    1.1034735593e+00    3.2000000000e+02    1.1239326000e-01    4.3187500000e-01
        69   -1.2423032927e+01    1.5453982178e+02   -2.2787641961e+01    1.0364609034e+01    1.8064743887e+01    1.3050036718e+01   -5.5049387693e+01    1.1469651272e+00    3.2000000000e+02    1.1391049623e-01    4.1234375000e-01
        70   -1.2483745389e+01    1.5616735736e+02   -2.2227803142e+01    9.7440577538e+00    1.8067037903e+01    1.3050036718e+01   -5.4153994427e+01    8.0911666409e-01    3.2000000000e+02    1.1472499371e-01    4.3046875000e-01
        71   -1.2380799436e+01    1.5349571844e+02   -2.2048283286e+01    9.6674838496e+00    1.8170327039e+01    1.3050036718e+01   -5.4127493483e+01    8.5884644051e-01    3.2000000000e+02    1.1412119865e-01    4.2234375000e-01
        72   -1.2434964874e+01    1.5485176021e+02   -2.2298004146e+01    9.8630392720e+00    1.8089720124e+01    1.3050036718e+01   -5.3962132409e+01    5.2437142173e-01    3.2000000000e+02    1.1452353001e-01    4.2781250000e-01
        73   -1.2448525656e+01    1.5512743239e+02   -2.1480322685e+01    9.0317970296e+00    1.7868162072e+01    1.3050036718e+01   -5.3559656137e+01    1.1611346615e+00    3.2000000000e+02    1.1242753267e-01    4.2406250000e-01
        74   -1.2412243592e+01    1.5428828838e+02   -2.2376230793e+01    9.9639872007e+00    1.8131306801e+01    1.3050036718e+01   -5.4532794034e+01    9.7521972297e-01    3.2000000000e+02    1.1447405815e-01    4.2250000000e-01
        75   -1.2442597169e+01    1.5502713752e+02   -2.2847889678e+01    1.0405292509e+01    1.8029436901e+01    1.3050036718e+01   -5.5053204309e+01    1.1258410115e+00    3.2000000000e+02    1.1451154947e-01    4.3046875000e-01
        76   -1.2461610723e+01    1.5543166749e+02   -2.1941473246e+01    9.4798625233e+00    1.8108191895e+01    1.3050036718e+01   -5.3907753778e+01    8.0805191906e-01    3.2000000000e+02    1.1367726326e-01    4.2734375000e-01
        77   -1.2460329466e+01    1.5543163875e+02   -2.1601952932e+01    9.1416234660e+00    1.7933723684e+01    1.3050036718e+01   -5.3664458758e+01    1.0787454239e+00    3.2000000000e+02    1.1408525705e-01    4.1796875000e-01
        78   -1.2377389167e+01    1.5354096714e+02   -2.2737496679e+01    1.0360107512e+01    1.8078971008e+01    1.3050036718e+01   -5.4571970010e+01    7.0546560589e-01    3.2000000000e+02    1.1415028572e-01    4.1656250000e-01
        79   -1.2403310481e+01    1.5404344628e+02   -2.1383220273e+01    8.9799097925e+00    1.7870723668e+01    1.3050036718e+01   -5.2854737529e+01    5.5075687021e-01    3.2000000000e+02    1.1344349384e-01    4.3593750000e-01
        80   -1.2450375659e+01    1.5517653345e+02   -2.1682501224e+01    9.2321255651e+00    1.7944061568e+01    1.3050036718e+01   -5.3576421746e+01    8.9982223592e-01    3.2000000000e+02    1.1429923773e-01    4.3546875000e-01
        81   -1.2489328405e+01    1.5636318569e+02   -2.1811897402e+01    9.3225689968e+00    1.8070030465e+01    1.3050036718e+01   -5.4098965261e+01    1.1670006759e+00    3.2000000000e+02    1.1414998770e-01    4.1203125000e-01
        82   -1.2493949407e+01    1.5626872714e+02   -2.2555775774e+01    1.0061826367e+01    1.8050469083e+01    1.3050036718e+01   -5.4476610162e+01    8.2032858674e-01    3.2000000000e+02    1.1377912760e-01    4.2125000000e-01
        83   -1.2455739900e+01    1.5532879391e+02   -2.2280369811e+01    9.8246299103e+00    1.8121870742e+01    1.3050036718e+01   -5.4358884809e+01    9.0660753826e-01    3.2000000000e+02    1.1370009184e-01    4.1937500000e-01
        84   -1.2429950798e+01    1.5466119711e+02   -2.1896321258e+01    9.4663704608e+00    1.7675206202e+01    1.3050036718e+01   -5.3897725695e+01    1.2761615159e+00    3.2000000000e+02    1.1275815964e-01    4.3531250000e-01
        85   -1.2383960997e+01    1.5363038591e+02   -2.2070825058e+01    9.6868640607e+00    1.7805072796e+01    1.3050036718e+01   -5.3594788667e+01    6.6885409618e-01    3.2000000000e+02    1.1299908161e-01    4.2625000000e-01
        86   -1.2402693189e+01    1.5397218849e+02   -2.1929370470e+01    9.5266772815e+00    1.8083543922e+01    1.3050036718e+01   -5.3883912053e+01    8.2096094321e-01    3.2000000000e+02    1.1290717125e-01    4.1718750000e-01
        87   -1.2433025652e+01    1.5475477972e+02   -2.2437488676e+01    1.0004463025e+01    1.7951739987e+01    1.3050036718e+01   -5.4488954792e+01    1.0496894110e+00    3.2000000000e+02    1.1409312487e-01    4.1750000000e-01
        88   -1.2460358673e+01    1.5543733175e+02   -2.1887730993e+01    9.4273723197e+00    1.8065560703e+01    1.3050036718e+01   -5.3948469372e+01    9.4514095793e-01    3.2000000000e+02    1.1407196522e-01    4.2062500000e-01
        89   -1.2412276780e+01    1.5421155729e+02   -2.2022690619e+01    9.6104138392e+00    1.7927347477e+01    1.3050036718e+01   -5.3980772786e+01    9.8069797260e-01    3.2000000000e+02    1.1369299889e-01    4.2125000000e-01
        90   -1.2431272315e+01    1.5470800360e+02   -2.1401625407e+01    8.9703530921e+00    1.8022821162e+01    1.3050036718e+01   -5.3232559268e+01    7.5807598081e-01    3.2000000000e+02    1.1384218931e-01    4.3203125000e-01
        91   -1.2395267986e+01    1.5383638580e+02   -2.1561117069e+01    9.1658490827e+00    1.7865766809e+01    1.3050036718e+01   -5.3565766770e+01    1.0888461736e+00    3.2000000000e+02    1.1260247231e-01    4.3046875000e-01
        92   -1.2441424132e+01    1.5492055321e+02   -2.0686578464e+01    8.2451543328e+00    1.7513252129e+01    1.3050036718e+01   -5.2136868263e+01    8.8700095210e-01    3.2000000000e+02    1.1152678728e-01    4.4140625000e-01
        93   -1.2393112670e+01    1.5382174821e+02   -2.1989492394e+01    9.5963797246e+00    1.8137735621e+01    1.3050036718e+01   -5.4306645796e+01    1.1293810631e+00    3.2000000000e+02    1.1208933592e-01    4.2281250000e-01
        94   -1.2413870792e+01    1.5427780795e+02   -2.2166163283e+01    9.7522924905e+00    1.8025527392e+01    1.3050036718e+01   -5.4242724917e+01    1.0009975247e+00    3.2000000000e+02    1.1285501719e-01    4.2734375000e-01
        95   -1.2424525002e+01    1.5453795875e+02   -2.2162767898e+01    9.7382428952e+00    1.8097882984e+01    1.3050036718e+01   -5.4399674818e+01    1.0889872189e+00    3.2000000000e+02    1.1678355932e-01    4.3140625000e-01
        96   -1.2446229336e+01    1.5509988529e+02   -2.1785240726e+01    9.3390113904e+00    1.8012877376e+01    1.3050036718e+01   -5.4183081959e+01    1.3349271391e+00    3.2000000000e+02    1.1388492584e-01    4.1343750000e-01
        97   -1.2494938894e+01    1.5634025428e+02   -2.2220458921e+01    9.7255200265e+00    1.8000895834e+01    1.3050036718e+01   -5.4387716971e+01    1.1163254983e+00    3.2000000000e+02    1.1375248432e-01    4.3703125000e-01
        98   -1.2471688119e+01    1.5573987872e+02   -2.2247350674e+01    9.7756625551e+00    1.7970707706e+01    1.3050036718e+01   -5.4269829033e+01    1.0017339348e+00    3.2000000000e+02    1.1360001564e-01    4.3484375000e-01
        99   -1.2441176479e+01    1.5496558074e+02   -2.2176129528e+01    9.7349530490e+00    1.8225432603e+01    1.3050036718e+01   -5.4336387628e+01    8.8478877946e-01    3.2000000000e+02    1.1495947838e-01    4.2734375000e-01
