#   index    LocalEnergy         LocalEnergy_sq      LocalPotential      Kinetic             ElecElec            IonIon              LocalECP            NonLocalECP         BlockWeight         BlockCPU            AcceptRatio         
         0   -2.2414215268e+00    5.0420207112e+00   -3.8862092376e+00    1.6447877108e+00    1.8939346798e+00    1.7953086932e+00   -7.7245223198e+00    1.4906970916e-01    1.6000000000e+02    1.9302882429e-03    6.1484375000e-01
         1   -2.2198398674e+00    4.9491146336e+00   -3.8874343963e+00    1.6675945289e+00    1.9043115836e+00    1.7953086932e+00   -7.8602327152e+00    2.7317804204e-01    1.6000000000e+02    1.7166466569e-03    5.9140625000e-01
         2   -2.2226477523e+00    4.9578816921e+00   -3.9292790749e+00    1.7066313226e+00    1.9050129384e+00    1.7953086932e+00   -7.7862372262e+00    1.5663651965e-01    1.6000000000e+02    1.6696196108e-03    5.5000000000e-01
         3   -2.2751252030e+00    5.2093800215e+00   -3.7184353578e+00    1.4433101548e+00    1.9534349104e+00    1.7953086932e+00   -7.7185468284e+00    2.5136786695e-01    1.6000000000e+02    1.7697942967e-03    5.9218750000e-01
         4   -2.2419129132e+00    5.0432191127e+00   -3.8295173476e+00    1.5876044344e+00    2.0214377433e+00    1.7953086932e+00   -7.8408730718e+00    1.9460928765e-01    1.6000000000e+02    3.0343997641e-03    5.8359375000e-01
         5   -2.2342257774e+00    5.0118821949e+00   -3.8506525944e+00    1.6164268170e+00    1.9366483474e+00    1.7953086932e+00   -7.7081606877e+00    1.2555105271e-01    1.6000000000e+02    1.7454387562e-03    5.7031250000e-01
         6   -2.2253385521e+00    4.9724724567e+00   -4.1256366465e+00    1.9002980944e+00    1.9464958216e+00    1.7953086932e+00   -8.0816704859e+00    2.1422932456e-01    1.6000000000e+02    3.1860648596e-03    5.7734375000e-01
         7   -2.2229864922e+00    4.9650240019e+00   -4.0337535667e+00    1.8107670745e+00    1.8881080076e+00    1.7953086932e+00   -7.9775533227e+00    2.6038305520e-01    1.6000000000e+02    2.6849258866e-03    6.1718750000e-01
         8   -2.2408942499e+00    5.0405642982e+00   -4.0463071944e+00    1.8054129445e+00    2.0104856034e+00    1.7953086932e+00   -8.0712611527e+00    2.1915966172e-01    1.6000000000e+02    1.7351486313e-03    5.9296875000e-01
         9   -2.2534852132e+00    5.0926097132e+00   -3.9942914770e+00    1.7408062638e+00    1.9357790607e+00    1.7953086932e+00   -7.9274790762e+00    2.0209984538e-01    1.6000000000e+02    1.6782142629e-03    5.7421875000e-01
        10   -2.2450040581e+00    5.0634089112e+00   -4.2542150834e+00    2.0092110253e+00    2.0369134706e+00    1.7953086932e+00   -8.2529318566e+00    1.6649460938e-01    1.6000000000e+02    1.7079320969e-03    5.5468750000e-01
        11   -2.2007145115e+00    4.9924812381e+00   -3.8120910847e+00    1.6113765731e+00    1.9088005203e+00    1.7953086932e+00   -7.7229783471e+00    2.0677804895e-01    1.6000000000e+02    3.2236634870e-03    5.6171875000e-01
        12   -2.2547933693e+00    5.1040296629e+00   -3.9404549993e+00    1.6856616301e+00    1.9538439172e+00    1.7953086932e+00   -7.8437895558e+00    1.5418194610e-01    1.6000000000e+02    1.8616459565e-03    5.7500000000e-01
        13   -2.2425316224e+00    5.0510068458e+00   -4.3160131657e+00    2.0734815433e+00    1.9049262049e+00    1.7953086932e+00   -8.0451669378e+00    2.8918873922e-02    1.6000000000e+02    1.8128047232e-03    5.8828125000e-01
        14   -2.2302127874e+00    5.0044749113e+00   -4.1023312076e+00    1.8721184203e+00    2.0060911390e+00    1.7953086932e+00   -8.0371999628e+00    1.3346892293e-01    1.6000000000e+02    1.8087577482e-03    5.8359375000e-01
        15   -2.2337540637e+00    5.0144682459e+00   -3.9098578091e+00    1.6761037454e+00    2.0722412023e+00    1.7953086932e+00   -7.9408372504e+00    1.6342954580e-01    1.6000000000e+02    4.3062971090e-03    5.6328125000e-01
        16   -2.2303645701e+00    4.9996927899e+00   -3.8204960746e+00    1.5901315045e+00    1.9197045291e+00    1.7953086932e+00   -7.7749116972e+00    2.3940240028e-01    1.6000000000e+02    1.7657188582e-03    5.9140625000e-01
        17   -2.2290009882e+00    4.9856625363e+00   -3.9132092827e+00    1.6842082944e+00    1.9274443919e+00    1.7953086932e+00   -7.7983731148e+00    1.6241074699e-01    1.6000000000e+02    1.7749604885e-03    5.8359375000e-01
        18   -2.2401541883e+00    5.0432464181e+00   -4.0239226068e+00    1.7837684184e+00    1.8779244752e+00    1.7953086932e+00   -7.9169692901e+00    2.1981351496e-01    1.6000000000e+02    1.7417997005e-03    6.0859375000e-01
        19   -2.2336643516e+00    5.0095700178e+00   -3.9226340134e+00    1.6889696618e+00    1.9686205719e+00    1.7953086932e+00   -7.9113730868e+00    2.2480980833e-01    1.6000000000e+02    1.7312419950e-03    6.0859375000e-01
        20   -2.2370392605e+00    5.0287061822e+00   -4.1452105027e+00    1.9081712422e+00    1.9875257901e+00    1.7953086932e+00   -8.0547717884e+00    1.2672680246e-01    1.6000000000e+02    1.7455845082e-03    5.9531250000e-01
        21   -2.2427091920e+00    5.0523310466e+00   -4.2141351347e+00    1.9714259427e+00    2.0044643238e+00    1.7953086932e+00   -8.2044408668e+00    1.9053271503e-01    1.6000000000e+02    1.7310366384e-03    5.9531250000e-01
        22   -2.2476265123e+00    5.0756951773e+00   -3.7529438106e+00    1.5053172984e+00    1.8775796420e+00    1.7953086932e+00   -7.5616050370e+00    1.3577289112e-01    1.6000000000e+02    1.7246014904e-03    5.9687500000e-01
        23   -2.2150116481e+00    4.9267440682e+00   -3.8522440951e+00    1.6372324470e+00    2.0029278970e+00    1.7953086932e+00   -7.8133842168e+00    1.6290353142e-01    1.6000000000e+02    1.7379577621e-03    5.6171875000e-01
        24   -2.2397671342e+00    5.0314865780e+00   -3.6876003383e+00    1.4478332041e+00    1.8676880173e+00    1.7953086932e+00   -7.5442124790e+00    1.9361543022e-01    1.6000000000e+02    1.6724866000e-03    5.8984375000e-01
        25   -2.2264845083e+00    4.9977276614e+00   -3.9625649137e+00    1.7360804054e+00    1.9873922212e+00    1.7953086932e+00   -7.9385668477e+00    1.9330101961e-01    1.6000000000e+02    1.7924717977e-03    5.8984375000e-01
        26   -2.2575353231e+00    5.1161096703e+00   -3.9159081542e+00    1.6583728311e+00    1.9728356861e+00    1.7953086932e+00   -7.8953668665e+00    2.1131433303e-01    1.6000000000e+02    1.7800170172e-03    5.4453125000e-01
        27   -2.2442794777e+00    5.0527034801e+00   -3.9283542616e+00    1.6840747839e+00    1.8494349548e+00    1.7953086932e+00   -7.6554084835e+00    8.2310573886e-02    1.6000000000e+02    2.6774719590e-03    6.0000000000e-01
        28   -2.2406600187e+00    5.0392977790e+00   -4.4885986974e+00    2.2479386787e+00    1.9183069054e+00    1.7953086932e+00   -8.3846885845e+00    1.8247428841e-01    1.6000000000e+02    2.4169695098e-03    5.7421875000e-01
        29   -2.2481158670e+00    5.0728358036e+00   -4.0902929156e+00    1.8421770486e+00    2.0321966381e+00    1.7953086932e+00   -8.1717186803e+00    2.5392043334e-01    1.6000000000e+02    2.8079353797e-03    5.8125000000e-01
        30   -2.2282788313e+00    4.9881073767e+00   -4.2738021729e+00    2.0455233416e+00    1.9828028312e+00    1.7953086932e+00   -8.2376855679e+00    1.8577187059e-01    1.6000000000e+02    1.7209799553e-03    5.6953125000e-01
        31   -2.2431444852e+00    5.0543280783e+00   -4.5237899247e+00    2.2806454395e+00    2.1347310671e+00    1.7953086932e+00   -8.6171519416e+00    1.6332225664e-01    1.6000000000e+02    4.3106606172e-03    5.4921875000e-01
        32   -2.2433358083e+00    5.0583049262e+00   -3.8349637195e+00    1.5916279113e+00    1.9054659320e+00    1.7953086932e+00   -7.8516027019e+00    3.1586435718e-01    1.6000000000e+02    1.7353908916e-03    6.0000000000e-01
        33   -2.2520745123e+00    5.0907010140e+00   -3.7071515928e+00    1.4550770806e+00    1.9362855433e+00    1.7953086932e+00   -7.6056235349e+00    1.6687770559e-01    1.6000000000e+02    1.7126045132e-03    6.1718750000e-01
        34   -2.2291629298e+00    4.9909102576e+00   -4.0204798771e+00    1.7913169474e+00    2.1086675445e+00    1.7953086932e+00   -8.0848735631e+00    1.6041744822e-01    1.6000000000e+02    1.7884869012e-03    5.6171875000e-01
        35   -2.2310375816e+00    4.9989005741e+00   -4.1624275697e+00    1.9313899881e+00    1.9927407695e+00    1.7953086932e+00   -8.1862241924e+00    2.3574715994e-01    1.6000000000e+02    2.8767623880e-03    5.7890625000e-01
        36   -2.2379035533e+00    5.0257383669e+00   -3.9730225573e+00    1.7351190041e+00    1.9231707806e+00    1.7953086932e+00   -7.8426307537e+00    1.5112872254e-01    1.6000000000e+02    1.7026236164e-03    5.8906250000e-01
        37   -2.2561186544e+00    5.1120836860e+00   -3.4706043916e+00    1.2144857371e+00    1.8075588896e+00    1.7953086932e+00   -7.2365498354e+00    1.6307786105e-01    1.6000000000e+02    2.8190264129e-03    6.0937500000e-01
        38   -2.2358156279e+00    5.0188371862e+00   -3.8798419249e+00    1.6440262970e+00    1.9683255644e+00    1.7953086932e+00   -7.7559272597e+00    1.1245107727e-01    1.6000000000e+02    1.9439607859e-03    5.9609375000e-01
        39   -2.2408678435e+00    5.0377668897e+00   -4.3885565163e+00    2.1476886728e+00    1.9085583369e+00    1.7953086932e+00   -8.1728132873e+00    8.0389740965e-02    1.6000000000e+02    3.0757049099e-03    5.9687500000e-01
        40   -2.1752002507e+00    4.8318295254e+00   -4.3604370874e+00    2.1852368368e+00    1.9375544318e+00    1.7953086932e+00   -7.7719537929e+00   -3.2134641956e-01    1.6000000000e+02    2.7464447485e-03    5.7968750000e-01
        41   -2.2182925290e+00    4.9544430537e+00   -3.7376757856e+00    1.5193832566e+00    1.8881935464e+00    1.7953086932e+00   -7.7154863134e+00    2.9430828827e-01    1.6000000000e+02    2.9655474937e-03    6.0000000000e-01
        42   -2.2606920025e+00    5.1334928086e+00   -4.1784256459e+00    1.9177336434e+00    1.9808062372e+00    1.7953086932e+00   -8.2271151813e+00    2.7257460493e-01    1.6000000000e+02    1.7458354996e-03    5.5468750000e-01
        43   -2.2240081597e+00    4.9789307736e+00   -3.8987580747e+00    1.6747499149e+00    2.0279284930e+00    1.7953086932e+00   -8.1015135086e+00    3.7951824766e-01    1.6000000000e+02    1.8029327039e-03    5.8281250000e-01
        44   -2.2192554213e+00    4.9433991243e+00   -3.8052678356e+00    1.5860124143e+00    2.0305422059e+00    1.7953086932e+00   -7.8206032194e+00    1.8948448461e-01    1.6000000000e+02    2.7129191149e-03    5.5625000000e-01
        45   -2.2559363605e+00    5.1253297151e+00   -4.8168940774e+00    2.5609577168e+00    2.0077759995e+00    1.7953086932e+00   -8.7779209981e+00    1.5794222807e-01    1.6000000000e+02    1.6982879315e-03    5.6406250000e-01
        46   -2.2657313191e+00    5.1613378378e+00   -4.2650047601e+00    1.9992734410e+00    1.9344146726e+00    1.7953086932e+00   -8.1984948343e+00    2.0376670834e-01    1.6000000000e+02    2.9222454759e-03    5.9296875000e-01
        47   -2.2836430231e+00    5.2444339959e+00   -3.9640529237e+00    1.6804099006e+00    1.9399560423e+00    1.7953086932e+00   -7.6753484218e+00   -2.3969237412e-02    1.6000000000e+02    1.7131726781e-03    5.6093750000e-01
        48   -2.2267670212e+00    4.9795019960e+00   -4.0799711927e+00    1.8532041715e+00    1.9718483455e+00    1.7953086932e+00   -7.9889989784e+00    1.4187074698e-01    1.6000000000e+02    1.7719709431e-03    5.6953125000e-01
        49   -2.2318517797e+00    5.0059008824e+00   -3.9071884636e+00    1.6753366839e+00    1.9292378376e+00    1.7953086932e+00   -7.7800294343e+00    1.4829443990e-01    1.6000000000e+02    1.7006454873e-03    5.9765625000e-01
        50   -2.2652670920e+00    5.1503461961e+00   -4.5139497022e+00    2.2486826102e+00    1.9566072512e+00    1.7953086932e+00   -8.4089360060e+00    1.4307035934e-01    1.6000000000e+02    3.0012748612e-03    5.7890625000e-01
        51   -2.2364466646e+00    5.0427750081e+00   -3.9913022060e+00    1.7548555413e+00    2.0250066767e+00    1.7953086932e+00   -8.0424843416e+00    2.3086676566e-01    1.6000000000e+02    1.8152458651e-03    5.8359375000e-01
        52   -2.2229689512e+00    4.9548284046e+00   -3.9317890346e+00    1.7088200834e+00    1.8891331283e+00    1.7953086932e+00   -7.8290015018e+00    2.1277064566e-01    1.6000000000e+02    1.7141288554e-03    5.7500000000e-01
        53   -2.2272185236e+00    4.9923906517e+00   -4.0910502533e+00    1.8638317296e+00    2.0017822443e+00    1.7953086932e+00   -8.1724115604e+00    2.8427036965e-01    1.6000000000e+02    3.2016758632e-03    5.5859375000e-01
        54   -2.2539558669e+00    5.0974447212e+00   -3.7251582555e+00    1.4712023886e+00    1.9661416939e+00    1.7953086932e+00   -7.6938527389e+00    2.0724409623e-01    1.6000000000e+02    3.0407517625e-03    5.9921875000e-01
        55   -2.2547808040e+00    5.1076470375e+00   -3.8163785136e+00    1.5615977096e+00    1.9953552248e+00    1.7953086932e+00   -7.8480541906e+00    2.4101175896e-01    1.6000000000e+02    2.4559496378e-03    6.0234375000e-01
        56   -2.2347275410e+00    5.0073433908e+00   -3.8214021711e+00    1.5866746302e+00    1.9251597748e+00    1.7953086932e+00   -7.6997449670e+00    1.5787432781e-01    1.6000000000e+02    1.7084953142e-03    5.9843750000e-01
        57   -2.2141918745e+00    5.0135396228e+00   -4.3517701534e+00    2.1375782789e+00    1.9994465468e+00    1.7953086932e+00   -8.3130658717e+00    1.6654047837e-01    1.6000000000e+02    1.7436238413e-03    5.8046875000e-01
        58   -2.2475442184e+00    5.0677750906e+00   -3.9496170122e+00    1.7020727938e+00    1.8623834725e+00    1.7953086932e+00   -7.7755417332e+00    1.6823255520e-01    1.6000000000e+02    1.6926157696e-03    5.8828125000e-01
        59   -2.2508856834e+00    5.0847072889e+00   -3.6401241207e+00    1.3892384373e+00    1.8672376014e+00    1.7953086932e+00   -7.5299519673e+00    2.2728155200e-01    1.6000000000e+02    2.7538041759e-03    6.0390625000e-01
        60   -2.2382666190e+00    5.0284285540e+00   -4.0098678782e+00    1.7716012592e+00    1.9106164050e+00    1.7953086932e+00   -7.8689435022e+00    1.5315052578e-01    1.6000000000e+02    4.2690187402e-03    5.9062500000e-01
        61   -2.2167667409e+00    4.9329005170e+00   -3.8880980393e+00    1.6713312984e+00    2.0130898329e+00    1.7953086932e+00   -8.0125143989e+00    3.1601783352e-01    1.6000000000e+02    1.7030606396e-03    5.9062500000e-01
        62   -2.2472661471e+00    5.0726362507e+00   -3.9936123877e+00    1.7463462405e+00    1.8935142594e+00    1.7953086932e+00   -7.8270226728e+00    1.4458733255e-01    1.6000000000e+02    1.7734474677e-03    5.8671875000e-01
        63   -2.2469672097e+00    5.0660049556e+00   -3.8851806185e+00    1.6382134088e+00    1.9550553758e+00    1.7953086932e+00   -7.7615337416e+00    1.2598905409e-01    1.6000000000e+02    1.6877289163e-03    5.9375000000e-01
        64   -2.2258848601e+00    4.9838878884e+00   -4.0186003095e+00    1.7927154494e+00    2.0058838921e+00    1.7953086932e+00   -7.9578611366e+00    1.3806824183e-01    1.6000000000e+02    2.3046649003e-03    5.6406250000e-01
        65   -2.2410032230e+00    5.0374549997e+00   -4.3038442707e+00    2.0628410477e+00    1.9582906834e+00    1.7953086932e+00   -8.2249318212e+00    1.6748817384e-01    1.6000000000e+02    2.1619072359e-03    5.3593750000e-01
        66   -2.2371711780e+00    5.0229297135e+00   -3.7721985357e+00    1.5350273578e+00    1.9409885121e+00    1.7953086932e+00   -7.6475887144e+00    1.3909297339e-01    1.6000000000e+02    1.6541128571e-03    5.8671875000e-01
        67   -2.2279839965e+00    4.9852177801e+00   -4.0426374219e+00    1.8146534253e+00    2.0685552911e+00    1.7953086932e+00   -8.0697967934e+00    1.6329538723e-01    1.6000000000e+02    4.4115806231e-03    5.6406250000e-01
        68   -2.2489787542e+00    5.0904022617e+00   -3.7730948528e+00    1.5241160986e+00    1.8436373671e+00    1.7953086932e+00   -7.6215850401e+00    2.0954412694e-01    1.6000000000e+02    1.6601413954e-03    6.3281250000e-01
        69   -2.2327842959e+00    5.0072542577e+00   -3.8387842950e+00    1.6059999991e+00    1.8973421503e+00    1.7953086932e+00   -7.6906373546e+00    1.5920221617e-01    1.6000000000e+02    1.6741550353e-03    5.9843750000e-01
        70   -2.2471281337e+00    5.0703955014e+00   -3.9919840136e+00    1.7448558799e+00    1.9967359881e+00    1.7953086932e+00   -7.9356971372e+00    1.5166844232e-01    1.6000000000e+02    1.7544333532e-03    5.8828125000e-01
        71   -2.2279770611e+00    4.9858497206e+00   -4.3324052591e+00    2.1044281979e+00    1.9378331504e+00    1.7953086932e+00   -8.2516801739e+00    1.8613307114e-01    1.6000000000e+02    1.6555108305e-03    5.7031250000e-01
        72   -2.2288180615e+00    4.9818916360e+00   -3.6841068525e+00    1.4552887910e+00    1.9532697168e+00    1.7953086932e+00   -7.5653430197e+00    1.3265775719e-01    1.6000000000e+02    3.7053207634e-03    5.8281250000e-01
        73   -2.2284038734e+00    4.9859905274e+00   -4.2288837033e+00    2.0004798298e+00    1.8715286160e+00    1.7953086932e+00   -8.0663606416e+00    1.7063962914e-01    1.6000000000e+02    1.6133254103e-03    5.8203125000e-01
        74   -2.2607125237e+00    5.1359791341e+00   -4.0181848656e+00    1.7574723419e+00    1.9130135910e+00    1.7953086932e+00   -7.8721578323e+00    1.4565068250e-01    1.6000000000e+02    2.6440637303e-03    5.8906250000e-01
        75   -2.2475930933e+00    5.0744100930e+00   -4.0835490354e+00    1.8359559422e+00    1.9386103316e+00    1.7953086932e+00   -7.9911855088e+00    1.7371744852e-01    1.6000000000e+02    1.5719087678e-03    5.9062500000e-01
        76   -2.2159456073e+00    4.9314639656e+00   -3.7471281872e+00    1.5311825799e+00    1.9194119237e+00    1.7953086932e+00   -7.6375373581e+00    1.7568855394e-01    1.6000000000e+02    2.7063923480e-03    5.7656250000e-01
        77   -2.2643566563e+00    5.1490293395e+00   -4.2418380785e+00    1.9774814222e+00    1.9210746398e+00    1.7953086932e+00   -8.1685389396e+00    2.1031752810e-01    1.6000000000e+02    1.7474803317e-03    5.8671875000e-01
        78   -2.2675456358e+00    5.1599580334e+00   -4.2040457995e+00    1.9365001638e+00    2.0497347021e+00    1.7953086932e+00   -8.1762758019e+00    1.2718660702e-01    1.6000000000e+02    3.2872785814e-03    5.8593750000e-01
        79   -2.2560151038e+00    5.1036964402e+00   -3.6698011824e+00    1.4137860787e+00    1.8724419344e+00    1.7953086932e+00   -7.5143153058e+00    1.7676349568e-01    1.6000000000e+02    1.7622178420e-03    5.9609375000e-01
        80   -2.2397112449e+00    5.0388661345e+00   -3.6667484459e+00    1.4270372010e+00    1.7684434621e+00    1.7953086932e+00   -7.3630301749e+00    1.3252957360e-01    1.6000000000e+02    1.6541453952e-03    6.0703125000e-01
        81   -2.2500220633e+00    5.0852514722e+00   -3.9259667278e+00    1.6759446646e+00    1.9561138922e+00    1.7953086932e+00   -7.8438326982e+00    1.6644338496e-01    1.6000000000e+02    3.3385977440e-03    5.7578125000e-01
        82   -2.2392368526e+00    5.0331508809e+00   -3.9888795114e+00    1.7496426588e+00    1.8824085265e+00    1.7953086932e+00   -7.7908151627e+00    1.2421843156e-01    1.6000000000e+02    1.7126449675e-03    5.8281250000e-01
        83   -2.2531083314e+00    5.0981622996e+00   -4.2335923990e+00    1.9804840676e+00    1.8875175805e+00    1.7953086932e+00   -8.0384206962e+00    1.2200202346e-01    1.6000000000e+02    2.8135089669e-03    5.8203125000e-01
        84   -2.2287921639e+00    4.9951507534e+00   -4.0586009233e+00    1.8298087594e+00    1.9173833309e+00    1.7953086932e+00   -7.9291637690e+00    1.5787082153e-01    1.6000000000e+02    1.6917224275e-03    6.0312500000e-01
        85   -2.2605868744e+00    5.1295551534e+00   -4.3871113368e+00    2.1265244624e+00    1.9162846468e+00    1.7953086932e+00   -8.2565380431e+00    1.5783336631e-01    1.6000000000e+02    3.6713486188e-03    6.0156250000e-01
        86   -2.2200298828e+00    4.9501139016e+00   -4.3463476255e+00    2.1263177427e+00    1.9199170727e+00    1.7953086932e+00   -8.2418301410e+00    1.8025674956e-01    1.6000000000e+02    1.6497357574e-03    5.8359375000e-01
        87   -2.2430301365e+00    5.0599837872e+00   -3.9762116968e+00    1.7331815604e+00    1.9831789981e+00    1.7953086932e+00   -7.9671691682e+00    2.1246978004e-01    1.6000000000e+02    1.7119642580e-03    5.9375000000e-01
        88   -2.2375901247e+00    5.0355723480e+00   -3.7990638875e+00    1.5614737628e+00    1.9278891564e+00    1.7953086932e+00   -7.7183046419e+00    1.9604290482e-01    1.6000000000e+02    1.7251404352e-03    5.8359375000e-01
        89   -2.2183686702e+00    4.9387168381e+00   -4.0725850213e+00    1.8542163511e+00    1.9315131216e+00    1.7953086932e+00   -8.0378747414e+00    2.3846790525e-01    1.6000000000e+02    2.8668410669e-03    5.6718750000e-01
        90   -2.2584453842e+00    5.1155834990e+00   -3.8635417361e+00    1.6050963519e+00    1.9029680334e+00    1.7953086932e+00   -7.6758575688e+00    1.1403910605e-01    1.6000000000e+02    3.1646394345e-03    5.9609375000e-01
        91   -2.2431509305e+00    5.0505493934e+00   -3.5800751463e+00    1.3369242158e+00    1.9734966123e+00    1.7953086932e+00   -7.5432651399e+00    1.9438468819e-01    1.6000000000e+02    2.7304138930e-03    5.8437500000e-01
        92   -2.2485123741e+00    5.0741840576e+00   -4.3119262348e+00    2.0634138607e+00    1.9356592158e+00    1.7953086932e+00   -8.1546112559e+00    1.1171711202e-01    1.6000000000e+02    3.1305920857e-03    5.6562500000e-01
        93   -2.2598246613e+00    5.1417415280e+00   -3.9093890719e+00    1.6495644106e+00    1.9542498677e+00    1.7953086932e+00   -7.8211450099e+00    1.6219737705e-01    1.6000000000e+02    2.9737206060e-03    5.9218750000e-01
        94   -2.2446760162e+00    5.0625001939e+00   -4.0640014404e+00    1.8193254243e+00    1.9872834790e+00    1.7953086932e+00   -7.9670546835e+00    1.2046107085e-01    1.6000000000e+02    1.7601654108e-03    5.7421875000e-01
        95   -2.2573885773e+00    5.1151142707e+00   -4.0906394482e+00    1.8332508709e+00    1.9440652073e+00    1.7953086932e+00   -7.9921250020e+00    1.6211165323e-01    1.6000000000e+02    3.2534843776e-03    5.5703125000e-01
        96   -2.2518800061e+00    5.0977448911e+00   -4.7732809600e+00    2.5214009539e+00    1.9279266579e+00    1.7953086932e+00   -8.6266668122e+00    1.3015050104e-01    1.6000000000e+02    2.7245073870e-03    5.9218750000e-01
        97   -2.2122700104e+00    4.9167596181e+00   -4.0859916807e+00    1.8737216703e+00    1.9348617183e+00    1.7953086932e+00   -8.0216617721e+00    2.0549967987e-01    1.6000000000e+02    2.7756984055e-03    5.9453125000e-01
        98   -2.2397564442e+00    5.0303385884e+00   -3.8280796674e+00    1.5883232232e+00    1.8861080532e+00    1.7953086932e+00   -7.6524764149e+00    1.4298000102e-01    1.6000000000e+02    1.7123649886e-03    5.8281250000e-01
        99   -2.2571118747e+00    5.1098769268e+00   -4.1372298180e+00    1.8801179433e+00    1.9360711356e+00    1.7953086932e+00   -8.0003465879e+00    1.3173694103e-01    1.6000000000e+02    2.6679618459e-03    5.7109375000e-01
